1	3.0	2.16	0.17
2	5.0	37.55	2.17
3	7.0	58.89	4.17
4	7.0	41.69	3.17
5	6.0	23.51	1.84
6	6.0	15.03	1.17
7	6.0	14.09	1.09
8	4.0	17.93	1.39
9	4.0	46.24	3.50
10	2.0	19.04	1.50
11	2.0	20.20	1.33
12	1.0	3.38	0.25
13	2.0	28.63	1.20
14	1.0	2.25	0.17
15	1.0	1.93	0.14
16	1.0	1.69	0.12
17	1.0	1.93	0.14
18	1.0	2.25	0.17
19	1.0	2.70	0.20
20	1.0	3.38	0.25
21	1.0	4.50	0.33
22	1.0	6.75	0.50
23	1.0	13.50	1.00
24	0.0	0.00	0.00
25	1.0	13.76	1.00
26	1.0	10.57	1.00
27	0.0	0.00	0.00
28	0.0	0.00	0.00
29	0.0	0.00	0.00
30	0.0	0.00	0.00
31	1.0	16.18	1.00
32	1.0	12.29	1.00
33	0.0	0.00	0.00
34	3.0	50.58	3.00
35	7.0	102.61	6.50
36	9.0	87.47	6.33
37	9.0	53.80	3.83
38	10.0	76.54	5.50
39	12.0	122.56	8.17
40	11.0	105.76	7.08
41	11.0	127.97	9.33
42	7.0	81.85	6.00
43	5.0	60.36	4.50
44	3.0	28.42	2.50
45	3.0	34.03	3.00
46	1.0	5.59	0.50
47	1.0	3.73	0.33
48	2.0	16.97	1.25
49	2.0	14.27	1.20
50	5.0	61.50	3.70
51	5.0	50.57	3.08
52	7.0	84.76	5.58
53	4.0	21.70	1.70
54	4.0	22.32	1.83
55	4.0	31.14	1.95
56	4.0	38.46	2.50
57	4.0	32.12	2.17
58	6.0	51.30	3.83
59	7.0	82.06	6.25
60	2.0	10.12	0.70
61	2.0	7.35	0.50
62	2.0	5.84	0.39
63	2.0	5.19	0.34
64	3.0	21.44	1.37
65	2.0	6.88	0.45
66	2.0	8.87	0.58
67	2.0	12.55	0.83
68	4.0	45.41	3.50
69	3.0	29.95	2.00
70	3.0	28.56	1.83
71	3.0	30.73	2.25
72	6.0	67.78	4.70
73	6.0	38.68	2.70
74	6.0	38.77	2.75
75	6.0	38.70	3.17
76	4.0	22.22	1.58
77	4.0	39.00	2.83
78	5.0	76.78	4.50
79	4.0	52.70	3.50
80	4.0	41.98	2.83
81	11.0	101.68	8.58
82	17.0	148.65	11.62
83	17.0	113.12	8.20
84	17.0	130.84	8.57
85	16.0	101.87	8.00
86	17.0	112.02	8.52
87	17.0	104.21	7.79
88	15.0	72.79	5.44
89	16.0	113.02	8.00
90	13.0	84.71	5.83
91	10.0	39.70	2.97
92	10.0	40.49	3.04
93	10.0	58.00	4.37
94	11.0	88.67	6.57
95	9.0	53.89	4.08
96	10.0	76.05	5.67
97	8.0	46.20	4.08
98	9.0	85.34	6.78
99	5.0	27.11	2.12
100	5.0	17.05	1.34
101	5.0	13.11	1.04
102	6.0	27.04	2.18
103	7.0	45.86	3.23
104	7.0	37.50	2.69
105	6.0	22.88	1.68
106	6.0	27.38	2.06
107	6.0	46.04	3.53
108	3.0	8.93	0.64
109	4.0	37.54	1.83
110	3.0	16.96	1.20
111	4.0	44.71	3.25
112	2.0	9.67	0.83
113	2.0	9.35	0.83
114	3.0	31.04	2.25
115	3.0	28.93	1.70
116	2.0	19.95	1.20
117	2.0	18.21	1.25
118	2.0	11.68	0.83
119	2.0	11.22	0.83
120	2.0	16.14	1.25
121	2.0	13.58	1.20
122	3.0	27.94	1.75
123	2.0	8.56	0.67
124	2.0	12.84	1.00
125	2.0	25.67	2.00
126	1.0	13.27	1.00
127	3.0	28.73	2.50
128	3.0	15.47	1.33
129	3.0	10.68	0.92
130	4.0	19.14	1.70
131	7.0	51.84	4.07
132	8.0	58.09	4.34
133	9.0	52.81	4.27
134	9.0	62.38	5.13
135	6.0	25.39	2.21
136	5.0	19.77	1.69
137	6.0	37.06	2.75
138	6.0	25.38	1.90
139	6.0	24.78	1.87
140	6.0	35.00	2.67
141	5.0	32.38	2.53
142	4.0	33.75	2.67
143	3.0	30.38	2.14
144	2.0	7.32	0.62
145	3.0	16.72	1.46
146	4.0	23.29	1.89
147	5.0	40.90	3.37
148	2.0	4.77	0.37
149	2.0	5.25	0.39
150	3.0	19.75	1.46
151	5.0	46.32	3.61
152	5.0	34.70	2.60
153	4.0	13.80	1.11
154	6.0	41.31	2.88
155	5.0	16.24	1.24
156	5.0	15.25	1.17
157	5.0	22.54	1.69
158	4.0	8.98	0.75
159	4.0	10.55	0.89
160	5.0	25.75	2.24
161	6.0	52.15	4.27
162	7.0	61.14	4.81
163	9.0	58.21	4.70
164	10.0	61.40	5.03
165	8.0	30.93	2.37
166	8.0	31.55	2.43
167	9.0	57.52	4.48
168	11.0	81.48	6.49
169	10.0	51.47	3.95
170	11.0	66.32	4.99
171	11.0	71.64	5.33
172	11.0	63.21	5.09
173	13.0	76.47	6.08
174	12.0	51.97	4.18
175	12.0	81.94	6.54
176	9.0	64.31	5.24
177	7.0	48.95	3.83
178	5.0	26.14	2.01
179	6.0	39.29	2.88
180	6.0	40.67	3.28
181	6.0	44.36	3.18
182	7.0	51.39	3.56
183	8.0	60.05	4.33
184	9.0	64.88	4.62
185	10.0	69.00	4.58
186	10.0	76.16	5.48
187	8.0	43.74	3.16
188	8.0	46.31	3.18
189	7.0	36.81	2.56
190	6.0	25.25	1.92
191	5.0	11.71	0.87
192	5.0	12.64	0.93
193	6.0	32.67	2.17
194	5.0	24.95	1.80
195	4.0	13.24	1.00
196	5.0	29.85	2.33
197	6.0	46.94	3.50
198	9.0	102.54	7.83
199	8.0	69.68	5.25
200	9.0	63.41	4.87
201	9.0	54.22	4.17
202	9.0	47.39	3.63
203	8.0	24.65	1.93
204	8.0	22.93	1.79
205	8.0	27.71	2.16
206	8.0	43.52	3.39
207	8.0	49.45	4.12
208	7.0	31.48	2.72
209	7.0	29.43	2.56
210	7.0	26.25	2.21
211	7.0	33.57	2.71
212	7.0	36.62	3.28
213	6.0	26.88	2.29
214	5.0	12.61	1.23
215	7.0	39.70	3.39
216	7.0	33.53	3.07
217	9.0	66.21	5.28
218	9.0	66.50	4.73
219	8.0	60.28	4.38
220	5.0	22.65	2.00
221	4.0	16.84	1.49
222	3.0	6.24	0.54
223	3.0	7.52	0.66
224	3.0	10.08	0.89
225	5.0	40.93	3.50
226	6.0	45.21	3.70
227	6.0	43.72	3.42
228	8.0	66.55	5.00
229	9.0	75.73	5.58
230	8.0	51.06	4.12
231	11.0	98.04	7.20
232	10.0	60.21	4.53
233	11.0	64.80	5.04
234	12.0	63.91	4.68
235	11.0	67.47	4.83
236	10.0	50.07	3.81
237	12.0	65.48	5.31
238	10.0	35.14	2.61
239	10.0	34.56	2.59
240	10.0	42.13	3.18
241	10.0	68.46	5.19
242	9.0	76.17	5.79
243	7.0	40.71	3.46
244	7.0	31.59	2.66
245	7.0	39.96	3.31
246	11.0	87.98	7.20
247	11.0	57.26	4.85
248	10.0	56.37	4.58
249	9.0	57.91	4.33
250	9.0	66.55	5.40
251	8.0	72.67	5.83
252	4.0	19.91	1.62
253	4.0	12.25	1.00
254	4.0	9.52	0.79
255	4.0	8.45	0.71
256	5.0	23.92	1.71
257	6.0	29.11	2.28
258	6.0	22.03	1.76
259	6.0	21.80	1.79
260	6.0	30.86	2.64
261	7.0	68.04	4.79
262	5.0	46.68	3.29
263	5.0	46.67	3.29
264	6.0	37.50	2.81
265	8.0	49.39	4.03
266	9.0	61.62	4.62
267	9.0	69.84	5.23
268	9.0	79.01	6.62
269	5.0	19.29	1.57
270	5.0	15.50	1.23
271	5.0	14.35	1.10
272	5.0	16.33	1.21
273	6.0	41.46	2.73
274	4.0	10.44	0.87
275	4.0	13.43	1.12
276	4.0	19.00	1.58
277	4.0	33.86	2.83
278	4.0	53.47	3.50
279	4.0	48.99	3.50
280	2.0	10.55	0.83
281	2.0	7.51	0.58
282	3.0	22.96	1.53
283	3.0	22.39	1.67
284	2.0	12.09	1.14
285	1.0	2.46	0.14
286	3.0	35.16	2.17
287	3.0	32.86	2.20
288	1.0	4.30	0.25
289	1.0	5.74	0.33
290	1.0	8.60	0.50
291	1.0	17.21	1.00
292	1.0	13.85	1.00
293	2.0	23.70	1.50
294	5.0	54.29	4.33
295	7.0	62.29	4.75
296	8.0	66.22	5.53
297	6.0	33.82	3.25
298	5.0	20.99	1.95
299	5.0	14.80	1.32
300	6.0	26.73	2.18
301	6.0	22.48	1.87
302	8.0	56.42	4.45
303	8.0	74.75	6.08
304	10.0	104.21	8.17
305	11.0	81.81	6.50
306	14.0	123.33	9.67
307	13.0	96.16	7.08
308	15.0	94.75	7.80
309	16.0	73.72	5.87
310	15.0	55.16	4.63
311	16.0	89.25	7.70
312	15.0	92.92	7.86
313	15.0	85.52	6.82
314	17.0	103.16	7.91
315	18.0	131.95	9.73
316	17.0	125.80	9.47
317	13.0	60.60	4.43
318	13.0	58.36	4.42
319	13.0	94.49	7.15
320	12.0	114.05	8.40
321	13.0	128.56	9.12
322	16.0	147.70	10.42
323	17.0	162.84	11.83
324	11.0	93.34	6.67
325	7.0	41.98	3.23
326	8.0	56.99	3.98
327	8.0	32.69	2.32
328	9.0	40.19	2.70
329	9.0	34.90	2.37
330	8.0	16.96	1.23
331	8.0	17.15	1.25
332	8.0	19.13	1.40
333	8.0	22.84	1.67
334	10.0	60.21	4.14
335	11.0	68.65	5.19
336	14.0	122.41	8.62
337	13.0	116.68	8.48
338	9.0	76.85	5.15
339	6.0	18.04	1.57
340	6.0	17.39	1.43
341	6.0	20.24	1.56
342	6.0	30.00	2.17
343	5.0	22.84	1.74
344	5.0	24.61	1.90
345	5.0	27.54	2.27
346	8.0	70.28	5.81
347	8.0	46.94	4.20
348	8.0	38.16	3.37
349	8.0	36.21	3.12
350	8.0	35.70	3.20
351	8.0	44.10	3.76
352	7.0	44.58	3.62
353	5.0	34.69	2.75
354	6.0	50.83	4.22
355	5.0	26.02	2.22
356	6.0	26.28	2.40
357	7.0	30.72	2.60
358	6.0	21.04	1.96
359	5.0	10.56	0.90
360	6.0	23.43	1.90
361	6.0	17.85	1.48
362	6.0	18.11	1.51
363	6.0	25.84	2.16
364	5.0	20.59	1.86
365	6.0	45.44	3.41
366	6.0	41.92	2.98
367	7.0	40.89	3.07
368	7.0	49.57	3.70
369	5.0	30.92	2.25
370	4.0	19.13	1.58
371	6.0	60.59	4.75
372	5.0	44.87	3.33
373	6.0	55.20	3.67
374	6.0	40.69	2.83
375	5.0	19.93	1.32
376	5.0	16.11	1.07
377	5.0	14.50	0.96
378	5.0	14.71	0.97
379	6.0	29.52	2.13
380	7.0	46.44	3.17
381	7.0	34.56	2.67
382	7.0	35.05	2.46
383	8.0	42.14	3.21
384	8.0	29.56	2.25
385	8.0	29.58	2.27
386	8.0	36.78	2.83
387	8.0	60.42	4.70
388	5.0	37.30	2.67
389	5.0	58.19	4.14
390	3.0	20.78	1.64
391	3.0	15.16	1.17
392	3.0	28.65	2.20
393	2.0	17.87	1.25
394	7.0	101.34	5.83
395	10.0	145.45	7.33
396	11.0	153.96	8.17
397	9.0	137.29	7.00
398	6.0	99.38	6.00
399	1.0	15.08	1.00
400	0.0	0.00	0.00
401	0.0	0.00	0.00
402	0.0	0.00	0.00
403	1.0	14.03	1.00
404	1.0	10.21	1.00
405	2.0	16.81	1.50
406	2.0	9.25	0.83
407	2.0	6.45	0.58
408	3.0	19.85	1.45
409	2.0	4.97	0.45
410	3.0	20.51	1.58
411	3.0	16.28	1.33
412	3.0	21.49	1.83
413	3.0	22.14	2.25
414	4.0	36.19	2.83
415	5.0	44.39	3.33
416	6.0	55.72	4.08
417	6.0	44.45	3.33
418	6.0	31.61	2.53
419	6.0	39.06	3.33
420	4.0	17.80	1.64
421	3.0	7.95	0.54
422	4.0	21.24	1.50
423	4.0	14.13	0.99
424	4.0	12.32	0.85
425	5.0	25.99	1.86
426	5.0	21.82	1.52
427	8.0	79.08	5.06
428	7.0	52.42	3.64
429	6.0	40.63	2.70
430	7.0	58.77	4.03
431	6.0	30.35	2.03
432	6.0	29.65	2.00
433	6.0	39.05	2.64
434	6.0	54.30	3.53
435	4.0	16.11	0.94
436	6.0	47.53	2.77
437	6.0	32.20	2.24
438	7.0	38.73	2.67
439	7.0	33.48	2.23
440	9.0	64.32	4.83
441	9.0	85.59	5.92
442	6.0	48.20	3.53
443	5.0	51.64	3.42
444	3.0	15.52	1.34
445	5.0	35.65	2.79
446	5.0	20.71	1.64
447	5.0	15.74	1.27
448	9.0	66.24	5.14
449	9.0	42.14	3.33
450	10.0	65.75	5.20
451	8.0	54.96	4.14
452	6.0	22.46	1.77
453	9.0	70.27	5.12
454	7.0	27.77	2.12
455	8.0	39.56	2.97
456	8.0	39.19	2.98
457	7.0	37.28	2.93
458	6.0	26.91	2.10
459	6.0	27.19	2.42
460	6.0	29.94	2.50
461	12.0	137.09	9.83
462	11.0	97.73	7.25
463	8.0	37.16	2.70
464	9.0	41.65	3.00
465	13.0	88.03	6.09
466	13.0	54.34	3.79
467	13.0	54.26	3.82
468	17.0	109.43	8.16
469	20.0	156.20	10.58
470	21.0	165.58	11.92
471	24.0	194.65	14.17
472	23.0	176.02	13.24
473	21.0	146.18	11.15
474	25.0	170.26	13.37
475	28.0	185.24	14.23
476	25.0	167.37	12.75
477	23.0	179.46	12.80
478	20.0	150.49	10.98
479	17.0	105.72	7.48
480	15.0	62.24	4.83
481	16.0	65.12	4.86
482	15.0	38.33	3.02
483	17.0	61.50	4.95
484	16.0	51.46	4.25
485	15.0	46.95	3.93
486	15.0	56.08	4.49
487	15.0	66.37	5.27
488	15.0	106.54	8.48
489	11.0	88.21	6.77
490	11.0	99.37	7.64
491	12.0	101.13	7.29
492	10.0	68.54	5.31
493	8.0	37.64	2.95
494	10.0	58.86	4.68
495	11.0	55.34	4.23
496	11.0	47.91	3.68
497	11.0	59.61	4.62
498	11.0	70.48	5.43
499	10.0	68.50	5.34
500	7.0	22.45	1.68
501	7.0	20.73	1.55
502	7.0	25.20	1.91
503	7.0	40.12	3.08
504	7.0	43.42	3.42
505	6.0	34.28	2.70
506	6.0	40.91	3.08
507	6.0	57.47	4.08
508	6.0	54.03	4.08
509	6.0	40.96	3.08
510	5.0	29.65	2.37
511	6.0	50.78	3.67
512	7.0	48.22	4.04
513	7.0	45.44	3.46
514	5.0	17.92	1.76
515	6.0	31.06	2.68
516	6.0	24.06	2.18
517	6.0	19.52	1.73
518	6.0	31.72	2.85
519	5.0	24.25	2.12
520	5.0	27.78	2.33
521	6.0	59.72	3.73
522	6.0	49.43	3.25
523	4.0	26.00	1.87
524	3.0	13.67	1.17
525	5.0	50.01	4.14
526	7.0	66.61	5.14
527	9.0	70.22	5.33
528	10.0	94.59	6.53
529	8.0	65.68	4.70
530	8.0	73.62	5.83
531	5.0	32.85	2.70
532	4.0	31.02	2.58
533	3.0	19.25	1.58
534	3.0	14.33	1.20
535	3.0	26.69	2.25
536	1.0	4.40	0.33
537	1.0	6.60	0.50
538	1.0	13.20	1.00
539	5.0	66.23	5.00
540	15.0	189.41	13.00
541	22.0	226.10	15.50
542	28.0	266.08	17.58
543	33.0	266.71	17.60
544	33.0	213.86	14.05
545	36.0	247.57	15.74
546	37.0	260.73	16.61
547	37.0	284.58	19.20
548	34.0	253.98	16.92
549	29.0	164.75	11.28
550	32.0	262.06	18.06
551	26.0	231.64	14.63
552	22.0	251.75	15.61
553	12.0	169.11	11.12
554	1.0	1.85	0.14
555	1.0	2.16	0.17
556	1.0	2.59	0.20
557	1.0	3.23	0.25
558	6.0	71.21	5.33
559	7.0	60.80	4.50
560	7.0	49.86	3.83
561	6.0	23.76	1.83
562	6.0	17.89	1.38
563	6.0	14.42	1.12
564	6.0	13.01	1.02
565	6.0	15.15	1.19
566	8.0	50.51	3.51
567	8.0	51.11	3.58
568	7.0	48.63	3.87
569	10.0	110.38	8.00
570	10.0	95.73	6.53
571	12.0	121.35	8.33
572	12.0	114.24	8.28
573	12.0	93.57	7.45
574	11.0	74.63	5.75
575	9.0	41.26	3.38
576	9.0	42.69	3.46
577	13.0	111.30	8.80
578	10.0	42.25	3.19
579	10.0	33.05	2.48
580	10.0	40.14	2.93
581	9.0	33.03	2.52
582	8.0	22.45	1.77
583	8.0	30.83	2.44
584	8.0	34.56	2.77
585	10.0	66.00	4.98
586	10.0	73.92	5.70
587	8.0	64.78	5.03
588	5.0	28.29	2.03
589	6.0	35.74	2.70
590	6.0	37.43	3.23
591	6.0	49.05	3.25
592	4.0	18.69	1.50
593	4.0	30.19	2.50
594	5.0	62.25	5.00
595	2.0	18.10	1.50
596	2.0	11.41	1.00
597	3.0	28.16	2.33
598	3.0	19.96	1.75
599	5.0	44.23	3.20
600	8.0	74.82	5.50
601	6.0	35.35	2.56
602	6.0	46.26	3.21
603	6.0	49.51	3.44
604	6.0	59.61	4.61
605	2.0	11.15	1.12
606	3.0	29.09	2.14
607	5.0	42.55	3.17
608	5.0	45.91	3.03
609	3.0	21.39	1.50
610	2.0	6.90	0.53
611	2.0	8.72	0.67
612	2.0	15.12	1.14
613	2.0	17.43	1.12
614	4.0	43.36	3.14
615	3.0	13.65	1.17
616	3.0	10.18	0.87
617	3.0	8.85	0.75
618	6.0	51.70	3.73
619	6.0	33.67	2.83
620	7.0	42.76	3.45
621	5.0	18.20	1.42
622	6.0	36.79	2.97
623	8.0	63.74	5.41
624	9.0	54.02	4.40
625	10.0	56.70	4.41
626	9.0	36.03	2.85
627	9.0	25.79	2.08
628	10.0	34.56	2.84
629	11.0	42.11	3.35
630	12.0	48.42	3.99
631	13.0	72.28	5.84
632	12.0	85.79	6.68
633	12.0	86.95	7.25
634	13.0	92.96	7.53
635	12.0	103.51	8.25
636	10.0	76.54	6.25
637	9.0	56.77	4.53
638	10.0	83.50	6.42
639	9.0	59.91	4.48
640	11.0	87.44	6.48
641	12.0	99.16	7.67
642	10.0	84.32	6.43
643	7.0	39.90	3.25
644	7.0	27.03	2.26
645	8.0	37.32	3.33
646	8.0	47.13	4.17
647	8.0	44.20	3.91
648	8.0	26.05	2.29
649	8.0	19.90	1.74
650	8.0	18.03	1.58
651	8.0	18.97	1.70
652	9.0	42.40	3.25
653	7.0	17.53	1.46
654	7.0	23.44	1.95
655	7.0	38.50	3.18
656	5.0	18.37	1.58
657	5.0	28.72	2.50
658	6.0	58.31	4.50
659	7.0	84.25	6.50
660	4.0	43.89	3.00
661	3.0	16.26	1.17
662	7.0	64.49	4.83
663	8.0	54.57	3.65
664	9.0	72.16	4.53
665	10.0	89.09	5.29
666	9.0	56.66	3.54
667	11.0	124.15	6.87
668	10.0	120.38	6.65
669	7.0	84.18	4.83
670	3.0	15.87	1.17
671	7.0	93.80	6.00
672	8.0	90.82	6.00
673	8.0	66.85	4.83
674	11.0	95.98	5.83
675	12.0	94.78	5.73
676	12.0	101.39	6.62
677	9.0	69.49	4.75
678	10.0	108.49	7.17
679	9.0	102.83	6.75
680	5.0	56.82	3.70
681	2.0	15.48	1.17
682	1.0	1.82	0.14
683	2.0	22.51	1.12
684	2.0	14.97	1.11
685	3.0	26.70	1.60
686	2.0	5.93	0.44
687	3.0	19.30	1.38
688	3.0	11.69	0.84
689	3.0	9.15	0.67
690	4.0	21.33	1.59
691	4.0	15.09	1.12
692	4.0	14.94	1.11
693	6.0	46.46	3.36
694	5.0	37.13	2.83
695	6.0	44.54	3.64
696	6.0	25.31	2.06
697	6.0	18.86	1.52
698	9.0	71.83	4.36
699	9.0	68.33	4.00
700	7.0	28.98	2.28
701	16.0	152.13	12.68
702	17.0	108.04	9.19
703	17.0	75.60	6.58
704	21.0	126.40	10.29
705	23.0	138.42	10.93
706	22.0	116.67	9.83
707	21.0	109.91	8.74
708	21.0	141.71	11.27
709	18.0	144.56	9.64
710	16.0	124.32	8.47
711	12.0	81.88	5.66
712	12.0	94.11	6.70
713	14.0	101.34	7.51
714	14.0	81.04	6.12
715	14.0	100.54	7.87
716	14.0	123.86	8.42
717	13.0	121.20	8.33
718	11.0	112.50	8.25
719	7.0	75.96	5.83
720	2.0	8.33	0.83
721	3.0	25.17	2.25
722	2.0	9.03	0.83
723	3.0	17.31	1.83
724	3.0	16.29	1.75
725	3.0	20.08	1.53
726	3.0	11.59	0.92
727	4.0	23.00	1.68
728	3.0	6.89	0.56
729	4.0	15.29	1.51
730	5.0	29.50	2.49
731	3.0	6.13	0.50
732	4.0	14.92	1.57
733	4.0	17.07	1.75
734	4.0	29.09	2.29
735	4.0	24.24	1.83
736	9.0	76.73	6.23
737	9.0	44.15	3.58
738	11.0	66.94	4.78
739	11.0	65.39	4.62
740	9.0	41.74	3.44
741	9.0	42.00	3.43
742	12.0	83.55	6.36
743	13.0	72.00	5.67
744	14.0	62.17	4.64
745	16.0	82.81	6.08
746	14.0	47.19	3.70
747	14.0	60.84	4.58
748	16.0	107.32	8.15
749	14.0	79.79	6.27
750	13.0	87.90	7.00
751	9.0	52.96	4.39
752	9.0	65.76	5.87
753	6.0	46.35	3.87
754	6.0	45.58	3.73
755	6.0	26.52	2.21
756	6.0	21.42	1.81
757	6.0	23.68	2.04
758	9.0	69.63	4.89
759	9.0	56.28	3.89
760	10.0	67.24	5.34
761	10.0	58.07	4.53
762	9.0	40.78	3.31
763	11.0	71.94	5.27
764	11.0	71.88	5.40
765	10.0	78.11	5.83
766	6.0	29.58	1.89
767	6.0	32.77	2.10
768	7.0	39.05	2.95
769	6.0	35.26	2.58
770	7.0	60.98	4.33
771	7.0	86.64	6.00
772	3.0	31.40	2.33
773	3.0	23.29	1.75
774	3.0	13.62	1.03
775	3.0	10.26	0.78
776	3.0	9.09	0.70
777	7.0	59.11	4.70
778	6.0	27.58	2.31
779	8.0	51.69	4.27
780	10.0	66.32	5.24
781	10.0	46.48	3.79
782	10.0	38.99	3.06
783	11.0	41.35	3.19
784	11.0	31.82	2.44
785	14.0	78.06	5.31
786	14.0	65.69	4.78
787	14.0	59.26	4.74
788	16.0	75.49	6.41
789	19.0	121.02	8.84
790	19.0	108.15	8.08
791	21.0	119.71	9.51
792	23.0	124.67	10.49
793	24.0	132.83	10.93
794	21.0	104.18	8.67
795	22.0	137.91	11.44
796	19.0	109.57	9.40
797	15.0	72.91	5.71
798	13.0	60.10	4.54
799	10.0	17.85	1.52
800	11.0	35.01	2.73
801	12.0	46.81	3.91
802	10.0	23.99	2.08
803	11.0	42.28	3.83
804	9.0	29.90	2.37
805	9.0	45.23	3.52
806	9.0	65.51	5.08
807	8.0	61.86	5.00
808	5.0	32.16	2.83
809	4.0	39.24	3.25
810	1.0	2.96	0.20
811	1.0	2.47	0.17
812	1.0	2.11	0.14
813	2.0	12.90	1.12
814	2.0	7.17	0.61
815	2.0	5.16	0.43
816	2.0	4.41	0.36
817	2.0	4.06	0.33
818	2.0	3.95	0.31
819	3.0	22.03	1.31
820	5.0	45.54	3.33
821	6.0	46.37	3.36
822	7.0	54.53	3.77
823	7.0	53.40	3.86
824	7.0	59.13	3.99
825	5.0	18.63	1.31
826	5.0	14.62	1.04
827	5.0	13.29	0.96
828	7.0	48.59	3.01
829	8.0	60.31	4.16
830	7.0	38.03	3.00
831	8.0	62.35	4.39
832	9.0	75.93	5.50
833	9.0	60.99	4.33
834	8.0	44.15	3.01
835	7.0	29.03	1.89
836	8.0	52.01	3.31
837	7.0	35.64	2.41
838	6.0	27.75	1.93
839	7.0	50.50	3.10
840	7.0	41.90	2.69
841	7.0	52.87	3.18
842	6.0	34.07	2.33
843	6.0	32.03	2.23
844	9.0	84.52	6.25
845	10.0	98.54	6.73
846	11.0	98.16	6.66
847	11.0	91.34	6.19
848	10.0	64.64	4.30
849	9.0	54.75	3.63
850	8.0	44.06	2.91
851	7.0	48.24	3.07
852	7.0	42.74	3.38
853	7.0	44.41	3.14
854	6.0	32.15	2.52
855	8.0	70.64	4.94
856	8.0	66.20	4.53
857	7.0	61.21	4.56
858	5.0	29.90	2.64
859	5.0	20.53	1.82
860	8.0	67.81	5.03
861	10.0	76.68	5.96
862	10.0	58.15	4.43
863	9.0	42.11	3.25
864	9.0	38.00	3.04
865	9.0	38.24	3.06
866	8.0	38.01	2.98
867	9.0	70.58	4.98
868	9.0	76.11	5.83
869	10.0	107.53	8.36
870	9.0	76.91	6.44
871	11.0	83.71	6.96
872	12.0	93.08	7.56
873	13.0	99.50	8.03
874	13.0	92.37	6.57
875	13.0	83.86	6.45
876	12.0	83.23	6.73
877	11.0	89.47	6.78
878	13.0	104.92	7.92
879	13.0	81.78	6.34
880	13.0	78.64	6.08
881	13.0	79.94	6.03
882	15.0	86.61	6.86
883	14.0	51.24	4.10
884	18.0	105.68	8.72
885	17.0	100.91	7.93
886	13.0	43.77	3.29
887	13.0	32.43	2.52
888	13.0	29.65	2.32
889	14.0	44.62	3.39
890	14.0	42.13	3.28
891	14.0	49.20	3.86
892	14.0	66.00	5.19
893	14.0	114.44	8.99
894	12.0	112.26	9.31
895	10.0	81.02	6.31
896	7.0	28.58	2.16
897	7.0	22.83	1.73
898	7.0	20.57	1.55
899	7.0	21.72	1.62
900	7.0	29.45	2.15
901	7.0	29.18	2.39
902	8.0	46.60	3.63
903	7.0	32.18	2.59
904	6.0	17.66	1.53
905	7.0	31.83	2.73
906	14.0	144.96	9.95
907	14.0	116.33	7.98
908	15.0	130.43	9.10
909	16.0	127.31	9.83
910	14.0	85.83	6.97
911	16.0	104.22	8.03
912	18.0	104.80	8.25
913	18.0	91.90	7.15
914	19.0	137.94	10.33
915	18.0	145.80	10.92
916	19.0	178.03	13.70
917	17.0	168.49	12.83
918	13.0	89.66	7.23
919	16.0	114.76	9.24
920	18.0	113.89	9.56
921	17.0	61.50	5.19
922	17.0	46.22	3.89
923	17.0	39.30	3.31
924	18.0	55.41	4.26
925	17.0	44.46	3.79
926	18.0	70.50	6.08
927	17.0	98.25	8.45
928	15.0	99.28	8.60
929	12.0	77.81	6.15
930	11.0	74.35	6.17
931	11.0	83.20	6.50
932	15.0	157.75	12.50
933	14.0	138.83	11.33
934	12.0	80.05	6.08
935	13.0	67.24	5.03
936	12.0	45.51	3.63
937	11.0	28.68	2.14
938	11.0	26.68	2.00
939	12.0	50.89	3.16
940	11.0	35.68	2.74
941	11.0	57.63	4.45
942	10.0	53.78	3.81
943	11.0	58.78	4.43
944	15.0	142.52	9.78
945	16.0	155.30	11.58
946	14.0	136.26	9.33
947	12.0	147.10	9.67
948	5.0	40.45	2.83
949	5.0	26.62	2.15
950	5.0	18.11	1.45
951	5.0	23.48	1.89
952	5.0	25.74	1.97
953	5.0	25.35	1.90
954	8.0	63.83	4.69
955	11.0	81.23	5.59
956	12.0	80.99	5.38
957	11.0	42.53	3.39
958	10.0	26.73	2.00
959	10.0	24.43	1.85
960	10.0	25.09	1.92
961	10.0	28.84	2.23
962	13.0	81.72	6.00
963	13.0	85.69	6.51
964	13.0	98.49	7.95
965	15.0	125.05	9.28
966	15.0	115.89	8.50
967	15.0	130.02	9.67
968	15.0	155.11	11.00
969	10.0	98.79	7.23
970	7.0	41.71	3.50
971	8.0	47.51	3.89
972	7.0	29.50	2.61
973	6.0	16.24	1.31
974	6.0	14.92	1.19
975	6.0	15.79	1.25
976	6.0	21.51	1.67
977	6.0	25.48	1.63
978	9.0	66.91	4.67
979	8.0	37.41	2.77
980	9.0	42.06	3.08
981	10.0	46.05	3.47
982	9.0	35.45	2.67
983	9.0	50.12	3.75
984	9.0	68.46	5.20
985	9.0	101.21	7.67
986	2.0	7.67	0.53
987	2.0	7.20	0.50
988	4.0	37.17	2.53
989	4.0	24.83	1.70
990	4.0	37.44	2.58
991	2.0	8.56	0.58
992	2.0	10.95	0.75
993	2.0	19.38	1.33
994	1.0	7.56	0.50
995	1.0	15.12	1.00
996	0.0	0.00	0.00
997	0.0	0.00	0.00
998	0.0	0.00	0.00
999	7.0	139.76	7.00
1000	12.0	182.49	9.00
1001	23.0	344.27	16.67
1002	27.0	303.64	15.42
1003	31.0	315.21	16.08
1004	34.0	314.99	16.75
1005	32.0	257.70	13.81
1006	28.0	185.26	10.02
1007	27.0	239.27	13.30
1008	23.0	269.06	14.25
1009	19.0	245.32	13.17
1010	14.0	210.01	10.50
1011	9.0	177.85	9.00
1012	0.0	0.00	0.00
1013	0.0	0.00	0.00
1014	0.0	0.00	0.00
1015	4.0	43.41	4.00
1016	4.0	21.71	2.00
1017	7.0	54.68	4.33
1018	7.0	30.96	2.50
1019	8.0	36.51	2.80
1020	9.0	39.82	2.92
1021	11.0	69.64	4.64
1022	11.0	67.73	4.79
1023	10.0	44.73	3.37
1024	11.0	65.64	5.28
1025	12.0	105.34	7.67
1026	8.0	68.01	5.53
1027	4.0	33.63	2.67
1028	5.0	51.70	4.14
1029	4.0	28.34	2.14
1030	4.0	17.83	1.33
1031	4.0	13.94	1.03
1032	5.0	26.64	1.95
1033	9.0	74.83	5.67
1034	8.0	51.19	3.98
1035	8.0	80.41	5.71
1036	3.0	7.55	0.61
1037	4.0	18.14	1.78
1038	4.0	18.09	1.62
1039	5.0	53.92	4.14
1040	2.0	21.38	1.17
1041	1.0	2.65	0.20
1042	8.0	104.68	7.25
1043	15.0	165.68	10.83
1044	15.0	102.64	6.83
1045	19.0	158.68	10.92
1046	21.0	172.20	12.52
1047	19.0	150.69	10.48
1048	19.0	149.45	10.54
1049	18.0	107.42	7.79
1050	21.0	143.42	11.05
1051	19.0	112.83	8.86
1052	17.0	85.05	6.92
1053	17.0	106.53	7.67
1054	17.0	104.80	7.74
1055	16.0	78.78	6.16
1056	15.0	52.99	4.10
1057	15.0	57.83	4.38
1058	16.0	93.21	7.09
1059	15.0	151.81	11.25
1060	7.0	60.88	5.03
1061	3.0	19.62	1.75
1062	2.0	16.57	1.33
1063	1.0	5.09	0.50
1064	3.0	35.18	3.00
1065	2.0	12.50	1.00
1066	9.0	88.73	7.67
1067	9.0	60.38	5.00
1068	14.0	126.59	9.23
1069	15.0	112.46	8.08
1070	14.0	81.86	6.39
1071	12.0	53.70	3.87
1072	14.0	96.36	6.12
1073	14.0	99.80	6.45
1074	14.0	122.43	8.25
1075	12.0	111.12	7.38
1076	8.0	44.23	2.93
1077	9.0	58.37	4.01
1078	9.0	98.02	6.62
1079	3.0	9.99	0.78
1080	3.0	13.88	1.08
1081	3.0	23.74	1.83
1082	5.0	49.59	4.50
1083	8.0	84.73	7.00
1084	7.0	37.73	3.17
1085	14.0	119.28	9.17
1086	14.0	66.36	5.15
1087	14.0	47.43	3.70
1088	18.0	98.48	7.06
1089	25.0	164.29	12.90
1090	24.0	124.05	9.53
1091	23.0	106.99	8.66
1092	21.0	85.43	6.93
1093	19.0	55.71	4.46
1094	23.0	123.42	9.10
1095	25.0	151.61	11.32
1096	24.0	116.41	9.26
1097	24.0	132.35	10.75
1098	22.0	131.52	9.60
1099	22.0	110.99	9.05
1100	24.0	138.77	11.33
1101	25.0	167.62	13.08
1102	22.0	125.85	9.73
1103	23.0	189.42	14.57
1104	17.0	143.85	11.12
1105	12.0	93.32	7.23
1106	9.0	42.36	3.73
1107	9.0	50.14	3.91
1108	7.0	25.19	1.98
1109	8.0	50.05	3.83
1110	7.0	26.69	2.26
1111	8.0	35.84	2.64
1112	8.0	26.33	2.01
1113	9.0	47.69	3.23
1114	9.0	51.21	4.17
1115	7.0	42.00	3.20
1116	7.0	81.75	6.25
1117	4.0	40.98	3.33
1118	4.0	25.47	2.00
1119	4.0	35.21	2.67
1120	3.0	22.55	1.50
1121	3.0	13.05	0.90
1122	5.0	50.20	2.67
1123	5.0	50.31	2.54
1124	3.0	6.51	0.47
1125	3.0	6.46	0.48
1126	4.0	23.55	1.57
1127	4.0	26.09	1.70
1128	4.0	26.39	1.92
1129	4.0	25.28	1.83
1130	7.0	83.57	5.83
1131	6.0	68.26	5.00
1132	6.0	62.14	4.83
1133	4.0	18.91	1.58
1134	4.0	13.51	1.12
1135	6.0	40.83	3.08
1136	6.0	45.69	3.50
1137	4.0	29.58	2.50
1138	3.0	40.91	3.00
1139	3.0	33.98	3.00
1140	3.0	16.99	1.50
1141	3.0	11.33	1.00
1142	3.0	9.60	0.83
1143	3.0	10.77	0.90
1144	3.0	17.11	1.37
1145	2.0	4.26	0.39
1146	2.0	5.47	0.50
1147	2.0	7.77	0.70
1148	3.0	30.68	2.25
1149	1.0	2.88	0.33
1150	5.0	64.25	4.50
1151	6.0	74.01	5.00
1152	6.0	75.30	5.00
1153	4.0	70.23	4.00
1154	1.0	10.24	1.00
1155	1.0	10.24	1.00
1156	4.0	56.92	4.00
1157	7.0	64.05	5.00
1158	6.0	33.59	2.50
1159	7.0	50.29	3.50
1160	8.0	50.03	3.90
1161	9.0	58.06	4.15
1162	11.0	85.59	5.62
1163	11.0	67.42	4.56
1164	11.0	59.51	4.61
1165	12.0	77.17	5.39
1166	10.0	44.36	3.52
1167	10.0	42.62	3.44
1168	9.0	33.10	2.68
1169	8.0	30.79	2.41
1170	8.0	41.27	3.07
1171	12.0	93.82	7.34
1172	12.0	64.64	5.03
1173	12.0	54.61	4.33
1174	12.0	62.76	4.73
1175	12.0	90.18	6.43
1176	10.0	63.80	5.03
1177	14.0	114.41	9.43
1178	16.0	105.85	9.26
1179	17.0	85.80	7.14
1180	17.0	69.34	5.43
1181	17.0	61.66	4.98
1182	20.0	102.41	9.02
1183	23.0	126.40	10.65
1184	22.0	106.50	8.88
1185	21.0	98.47	8.36
1186	23.0	137.88	11.46
1187	22.0	133.15	11.66
1188	19.0	109.05	9.24
1189	18.0	121.10	10.00
1190	15.0	89.44	7.75
1191	14.0	70.69	6.03
1192	14.0	70.49	5.95
1193	12.0	53.01	4.43
1194	12.0	85.46	7.13
1195	8.0	40.22	2.95
1196	8.0	25.15	1.88
1197	8.0	21.17	1.60
1198	9.0	34.77	2.66
1199	9.0	33.78	2.51
1200	9.0	45.76	3.27
1201	8.0	45.08	3.40
1202	7.0	38.63	2.95
1203	7.0	32.27	2.59
1204	9.0	68.37	4.75
1205	9.0	61.61	4.70
1206	8.0	53.72	3.59
1207	7.0	30.08	2.11
1208	8.0	43.13	3.41
1209	8.0	58.86	4.34
1210	5.0	16.09	1.28
1211	7.0	48.28	3.45
1212	7.0	42.25	3.09
1213	8.0	62.20	4.29
1214	7.0	31.94	2.34
1215	9.0	72.15	5.33
1216	11.0	106.31	7.84
1217	12.0	105.04	7.53
1218	13.0	119.15	8.49
1219	10.0	79.38	5.98
1220	8.0	62.36	4.50
1221	5.0	24.57	1.95
1222	5.0	43.64	3.45
1223	6.0	50.38	4.50
1224	9.0	64.68	5.64
1225	12.0	88.83	7.46
1226	9.0	40.17	3.36
1227	10.0	43.20	4.03
1228	10.0	35.40	3.26
1229	11.0	42.66	4.00
1230	12.0	43.11	4.20
1231	14.0	74.07	6.39
1232	12.0	64.04	5.61
1233	9.0	43.92	4.14
1234	7.0	25.41	2.30
1235	7.0	25.75	2.20
1236	8.0	53.42	4.16
1237	13.0	127.13	8.84
1238	19.0	177.49	12.28
1239	20.0	148.89	10.62
1240	21.0	139.90	11.01
1241	20.0	132.77	10.06
1242	21.0	145.52	10.84
1243	24.0	171.27	13.67
1244	22.0	130.72	10.44
1245	21.0	109.55	8.58
1246	22.0	119.33	9.30
1247	23.0	151.73	12.15
1248	26.0	192.54	16.01
1249	23.0	116.42	10.10
1250	25.0	129.71	11.08
1251	27.0	160.73	12.27
1252	28.0	191.67	14.58
1253	23.0	89.17	7.34
1254	25.0	102.51	7.95
1255	25.0	107.26	8.23
1256	25.0	100.14	7.88
1257	25.0	74.08	6.02
1258	25.0	70.87	5.92
1259	28.0	118.25	9.91
1260	30.0	164.60	14.02
1261	27.0	149.94	11.69
1262	25.0	146.39	11.81
1263	29.0	213.19	16.63
1264	28.0	168.30	13.37
1265	28.0	179.49	13.67
1266	35.0	281.44	20.52
1267	32.0	200.61	14.63
1268	29.0	158.98	12.15
1269	24.0	104.52	7.16
1270	23.0	86.24	6.44
1271	23.0	102.89	7.72
1272	25.0	154.35	12.05
1273	29.0	225.47	17.38
1274	31.0	233.78	18.34
1275	36.0	278.23	20.40
1276	35.0	198.66	14.89
1277	36.0	182.53	13.37
1278	36.0	197.27	14.09
1279	33.0	159.38	11.41
1280	32.0	134.88	9.68
1281	32.0	174.73	12.59
1282	29.0	151.62	10.68
1283	29.0	176.63	12.76
1284	25.0	161.99	11.51
1285	24.0	173.96	11.56
1286	22.0	143.78	9.79
1287	21.0	112.13	8.99
1288	21.0	126.15	10.19
1289	18.0	130.60	10.11
1290	12.0	56.89	4.18
1291	12.0	87.86	6.35
1292	8.0	29.31	2.18
1293	8.0	21.51	1.58
1294	8.0	19.78	1.43
1295	8.0	22.64	1.61
1296	9.0	45.10	3.21
1297	10.0	55.18	3.90
1298	10.0	51.00	3.74
1299	9.0	43.14	3.21
1300	8.0	36.09	2.64
1301	8.0	55.50	4.07
1302	16.0	193.83	13.53
1303	17.0	145.04	10.54
1304	19.0	124.49	9.29
1305	19.0	84.21	6.24
1306	25.0	144.40	12.01
1307	28.0	163.93	13.10
1308	27.0	129.03	10.47
1309	28.0	153.38	11.69
1310	30.0	197.23	13.62
1311	34.0	237.67	16.37
1312	31.0	202.68	14.57
1313	32.0	257.94	18.44
1314	30.0	243.86	16.35
1315	34.0	319.72	22.07
1316	30.0	221.50	15.55
1317	29.0	201.50	14.70
1318	26.0	172.90	12.53
1319	26.0	191.72	14.94
1320	24.0	196.77	14.42
1321	17.0	72.28	5.15
1322	17.0	53.73	3.93
1323	17.0	48.75	3.62
1324	17.0	53.04	3.97
1325	17.0	72.47	5.48
1326	20.0	128.10	9.77
1327	19.0	124.89	9.37
1328	18.0	123.93	9.39
1329	17.0	132.35	9.99
1330	14.0	97.56	7.68
1331	13.0	92.17	7.70
1332	13.0	99.07	7.48
1333	13.0	80.12	6.18
1334	14.0	86.92	6.36
1335	14.0	71.45	5.29
1336	16.0	109.41	7.75
1337	14.0	62.80	4.92
1338	14.0	49.04	3.94
1339	14.0	45.69	3.66
1340	13.0	36.43	2.79
1341	13.0	50.82	3.83
1342	15.0	73.70	6.08
1343	17.0	76.36	6.58
1344	17.0	74.40	6.17
1345	16.0	83.80	6.38
1346	16.0	107.96	8.11
1347	17.0	118.06	9.40
1348	17.0	103.32	8.65
1349	16.0	76.31	6.70
1350	16.0	97.63	8.44
1351	15.0	88.33	7.47
1352	16.0	84.23	7.36
1353	12.0	40.82	3.42
1354	12.0	41.72	3.47
1355	12.0	41.31	3.46
1356	12.0	55.55	4.73
1357	15.0	120.06	8.79
1358	15.0	121.77	9.04
1359	17.0	155.36	10.31
1360	21.0	215.90	15.10
1361	18.0	172.50	12.14
1362	15.0	90.67	7.04
1363	15.0	65.43	5.22
1364	16.0	70.31	5.69
1365	16.0	66.91	5.24
1366	19.0	107.86	7.72
1367	21.0	107.72	7.94
1368	22.0	102.72	7.67
1369	20.0	83.10	6.20
1370	20.0	84.93	6.74
1371	20.0	97.68	7.86
1372	20.0	143.39	10.91
1373	19.0	136.29	9.90
1374	17.0	73.46	5.27
1375	17.0	66.76	4.68
1376	17.0	75.10	5.13
1377	17.0	114.04	7.51
1378	18.0	131.90	10.15
1379	18.0	134.56	10.07
1380	17.0	100.20	8.43
1381	21.0	148.52	11.60
1382	24.0	157.31	12.26
1383	25.0	137.53	11.31
1384	27.0	179.35	14.02
1385	28.0	164.61	14.14
1386	29.0	145.07	12.16
1387	32.0	181.74	14.64
1388	32.0	175.79	13.18
1389	34.0	166.18	12.11
1390	34.0	120.58	9.30
1391	33.0	85.24	6.50
1392	33.0	74.41	5.79
1393	33.0	71.99	5.75
1394	35.0	106.97	8.66
1395	36.0	125.86	10.36
1396	36.0	145.36	11.87
1397	40.0	246.28	18.87
1398	38.0	235.61	18.73
1399	38.0	291.29	22.82
1400	31.0	243.20	19.26
1401	23.0	173.94	13.03
1402	21.0	196.50	15.07
1403	15.0	135.52	11.33
1404	12.0	76.70	6.37
1405	13.0	79.96	6.17
1406	13.0	80.16	6.33
1407	11.0	73.33	5.95
1408	9.0	67.94	5.45
1409	11.0	91.10	7.57
1410	16.0	126.64	10.39
1411	16.0	89.18	7.02
1412	16.0	60.22	4.85
1413	20.0	104.24	8.31
1414	26.0	151.79	11.73
1415	27.0	120.72	8.89
1416	27.0	97.84	7.41
1417	27.0	86.20	6.45
1418	26.0	81.20	6.17
1419	28.0	120.59	9.26
1420	27.0	143.52	10.45
1421	26.0	136.66	11.21
1422	25.0	147.56	12.30
1423	26.0	222.28	16.33
1424	28.0	242.20	18.12
1425	29.0	252.69	18.52
1426	25.0	179.39	13.33
1427	25.0	199.29	15.48
1428	23.0	156.44	13.55
1429	21.0	118.49	10.27
1430	19.0	89.04	7.48
1431	20.0	111.76	8.95
1432	19.0	131.22	10.82
1433	17.0	130.24	10.15
1434	17.0	138.30	11.31
1435	13.0	88.09	6.91
1436	12.0	81.07	6.11
1437	9.0	25.76	2.12
1438	12.0	57.04	4.81
1439	12.0	48.34	3.78
1440	12.0	40.01	3.26
1441	12.0	50.77	4.23
1442	11.0	62.66	4.94
1443	12.0	97.97	8.08
1444	9.0	50.31	3.84
1445	9.0	42.20	3.39
1446	9.0	54.47	4.58
1447	11.0	88.76	6.85
1448	13.0	107.60	8.03
1449	11.0	53.66	4.25
1450	11.0	54.63	4.33
1451	11.0	64.32	5.30
1452	8.0	38.84	3.10
1453	9.0	55.73	4.15
1454	9.0	36.99	2.81
1455	9.0	34.88	2.69
1456	9.0	46.00	3.62
1457	11.0	93.26	6.02
1458	10.0	53.97	3.49
1459	13.0	82.19	6.01
1460	14.0	67.92	4.94
1461	14.0	59.41	4.23
1462	15.0	95.39	6.50
1463	17.0	107.62	8.31
1464	17.0	99.02	7.61
1465	17.0	95.64	7.72
1466	16.0	74.97	5.88
1467	16.0	80.41	5.84
1468	16.0	82.67	5.86
1469	17.0	125.67	9.89
1470	16.0	143.55	10.86
1471	12.0	93.98	7.05
1472	11.0	61.54	5.16
1473	12.0	54.93	5.01
1474	13.0	71.42	6.27
1475	10.0	37.89	3.21
1476	10.0	37.17	3.01
1477	10.0	51.30	4.00
1478	12.0	82.89	6.58
1479	11.0	49.80	4.09
1480	11.0	48.05	3.61
1481	10.0	39.59	3.17
1482	12.0	80.20	5.92
1483	13.0	85.68	6.68
1484	16.0	127.67	10.37
1485	20.0	181.45	13.80
1486	18.0	119.32	9.38
1487	18.0	101.76	7.84
1488	18.0	93.03	7.35
1489	19.0	107.82	8.62
1490	17.0	67.80	5.32
1491	17.0	92.03	7.15
1492	15.0	80.17	6.10
1493	16.0	114.37	8.73
1494	16.0	125.27	9.67
1495	14.0	104.43	8.50
1496	12.0	105.03	8.67
1497	12.0	125.45	10.08
1498	8.0	52.14	4.03
1499	7.0	46.31	3.58
1500	5.0	21.44	1.84
1501	5.0	20.60	1.69
1502	5.0	13.25	1.12
1503	5.0	11.21	0.98
1504	6.0	21.76	1.96
1505	7.0	32.45	2.58
1506	6.0	19.95	1.94
1507	7.0	43.52	2.99
1508	9.0	68.11	5.13
1509	11.0	82.60	6.48
1510	17.0	155.49	12.18
1511	16.0	112.40	8.66
1512	14.0	73.57	5.98
1513	12.0	60.51	5.11
1514	14.0	106.73	8.71
1515	13.0	85.50	6.81
1516	13.0	78.05	6.44
1517	14.0	98.31	7.71
1518	13.0	87.88	7.01
1519	13.0	67.72	5.38
1520	13.0	53.47	4.40
1521	13.0	52.03	4.09
1522	14.0	62.59	5.20
1523	15.0	78.38	6.60
1524	14.0	50.96	4.63
1525	14.0	50.37	4.40
1526	14.0	77.72	6.95
1527	12.0	85.59	6.53
1528	11.0	82.27	6.98
1529	7.0	22.21	1.81
1530	9.0	43.70	3.43
1531	10.0	44.93	3.30
1532	11.0	56.93	3.93
1533	13.0	80.32	5.36
1534	13.0	88.93	5.50
1535	11.0	43.47	3.24
1536	15.0	113.09	8.14
1537	16.0	128.81	10.01
1538	13.0	73.98	5.82
1539	17.0	121.61	10.38
1540	15.0	91.71	7.30
1541	13.0	50.93	4.01
1542	13.0	56.59	4.44
1543	15.0	100.09	7.63
1544	16.0	131.53	9.87
1545	13.0	81.12	6.49
1546	14.0	106.20	8.73
1547	11.0	54.00	4.98
1548	11.0	37.67	3.33
1549	12.0	54.51	4.29
1550	11.0	31.77	2.63
1551	11.0	31.84	2.71
1552	11.0	38.04	3.29
1553	11.0	60.63	5.31
1554	9.0	39.78	3.44
1555	9.0	31.97	2.81
1556	9.0	40.75	3.64
1557	7.0	21.97	2.09
1558	7.0	26.25	2.27
1559	7.0	26.72	2.33
1560	8.0	42.75	3.29
1561	8.0	30.96	2.43
1562	8.0	33.53	2.65
1563	8.0	53.01	4.20
1564	6.0	30.02	2.45
1565	7.0	55.93	4.20
1566	7.0	63.09	4.39
1567	6.0	37.68	2.79
1568	5.0	20.68	1.53
1569	6.0	39.43	3.08
1570	7.0	57.65	4.01
1571	7.0	53.42	3.98
1572	6.0	31.07	2.36
1573	6.0	28.15	2.19
1574	6.0	26.30	2.03
1575	6.0	36.78	2.79
1576	6.0	47.94	3.89
1577	8.0	86.04	6.37
1578	8.0	68.80	4.87
1579	8.0	59.40	4.56
1580	6.0	23.75	1.79
1581	6.0	22.06	1.59
1582	6.0	28.05	1.89
1583	5.0	9.67	0.78
1584	5.0	8.74	0.70
1585	9.0	69.16	4.69
1586	12.0	81.77	6.22
1587	14.0	103.40	7.65
1588	12.0	75.21	5.33
1589	12.0	108.13	6.99
1590	9.0	56.92	4.92
1591	8.0	46.62	4.23
1592	11.0	95.54	7.67
1593	10.0	58.81	5.17
1594	10.0	48.59	4.23
1595	13.0	85.73	7.25
1596	18.0	133.16	10.66
1597	21.0	133.50	11.02
1598	23.0	144.42	10.98
1599	27.0	164.16	13.20
1600	28.0	163.40	13.38
1601	27.0	152.86	12.37
1602	29.0	208.00	16.48
1603	29.0	241.67	17.46
1604	24.0	177.76	12.24
1605	22.0	174.05	12.51
1606	16.0	147.56	9.84
1607	9.0	40.05	3.01
1608	9.0	43.34	3.42
1609	10.0	51.43	4.24
1610	10.0	34.63	2.76
1611	10.0	31.13	2.42
1612	12.0	59.77	4.50
1613	14.0	79.04	6.21
1614	15.0	103.55	8.20
1615	13.0	74.71	6.02
1616	14.0	86.98	7.48
1617	12.0	56.60	4.57
1618	12.0	70.90	5.45
1619	11.0	77.72	6.14
1620	8.0	31.87	2.48
1621	8.0	22.22	1.77
1622	8.0	19.48	1.56
1623	9.0	36.57	2.79
1624	10.0	63.12	4.51
1625	9.0	55.74	4.18
1626	11.0	76.79	6.03
1627	13.0	91.28	7.18
1628	13.0	71.95	5.83
1629	13.0	61.18	4.95
1630	13.0	60.35	4.85
1631	16.0	115.43	8.96
1632	14.0	67.03	4.86
1633	16.0	88.83	6.83
1634	14.0	43.35	3.51
1635	15.0	54.49	4.38
1636	17.0	83.82	6.45
1637	17.0	102.92	7.91
1638	16.0	111.65	8.70
1639	12.0	71.96	5.68
1640	10.0	68.39	4.83
1641	9.0	85.96	6.10
1642	5.0	37.20	2.75
1643	3.0	10.86	1.00
1644	3.0	16.29	1.50
1645	3.0	32.58	3.00
1646	0.0	0.00	0.00
1647	1.0	10.14	1.00
1648	2.0	16.21	1.50
1649	5.0	51.46	3.83
1650	11.0	109.17	8.33
1651	12.0	95.34	7.00
1652	14.0	116.85	9.08
1653	10.0	43.47	3.32
1654	11.0	51.32	3.93
1655	14.0	90.45	7.06
1656	15.0	76.66	6.74
1657	14.0	48.52	4.19
1658	15.0	79.17	6.40
1659	14.0	68.35	5.70
1660	15.0	83.79	6.39
1661	16.0	94.95	8.21
1662	13.0	46.40	3.94
1663	17.0	113.14	9.06
1664	17.0	95.86	7.89
1665	17.0	111.81	9.40
1666	14.0	87.52	7.03
1667	19.0	146.39	12.42
1668	17.0	101.90	7.78
1669	17.0	80.69	6.55
1670	18.0	85.99	6.85
1671	17.0	76.42	6.23
1672	18.0	107.28	8.31
1673	17.0	88.77	7.38
1674	18.0	101.72	7.50
1675	19.0	111.85	8.36
1676	23.0	174.05	13.05
1677	24.0	149.76	11.53
1678	27.0	197.04	14.30
1679	23.0	141.06	10.58
1680	21.0	130.41	9.83
1681	16.0	55.15	4.42
1682	16.0	67.68	5.37
1683	15.0	81.86	6.55
1684	14.0	91.03	7.57
1685	11.0	87.85	7.11
1686	8.0	53.86	4.06
1687	11.0	71.95	5.67
1688	11.0	50.13	3.99
1689	11.0	52.07	4.25
1690	10.0	44.47	3.28
1691	10.0	47.57	3.48
1692	11.0	68.68	5.13
1693	10.0	60.82	4.46
1694	9.0	75.34	5.61
1695	5.0	26.99	2.35
1696	8.0	80.63	6.44
1697	10.0	83.20	6.62
1698	11.0	78.79	5.98
1699	12.0	65.13	5.17
1700	12.0	45.03	3.55
1701	12.0	38.59	3.02
1702	12.0	41.72	3.22
1703	13.0	53.77	4.30
1704	13.0	52.30	4.02
1705	13.0	50.08	4.14
1706	13.0	60.16	4.85
1707	16.0	126.66	9.64
1708	16.0	143.91	10.70
1709	14.0	132.64	10.62
1710	9.0	56.26	4.58
1711	12.0	87.35	7.03
1712	12.0	94.64	7.25
1713	10.0	70.95	5.76
1714	7.0	22.80	1.84
1715	7.0	19.79	1.59
1716	9.0	46.28	3.58
1717	9.0	46.81	3.59
1718	8.0	29.15	2.53
1719	9.0	41.98	3.21
1720	10.0	63.18	4.73
1721	8.0	37.79	3.31
1722	7.0	28.55	2.30
1723	6.0	23.21	1.87
1724	8.0	57.53	4.05
1725	8.0	56.44	3.83
1726	7.0	51.51	3.83
1727	5.0	36.03	3.00
1728	6.0	73.61	6.00
1729	4.0	44.80	3.50
1730	5.0	45.12	2.83
1731	4.0	15.70	1.25
1732	6.0	30.46	3.00
1733	6.0	20.16	1.93
1734	7.0	32.91	2.67
1735	7.0	27.28	2.43
1736	10.0	66.95	5.13
1737	11.0	50.61	3.97
1738	16.0	105.28	7.73
1739	16.0	69.09	5.28
1740	17.0	68.93	5.07
1741	16.0	54.31	4.13
1742	19.0	108.10	8.57
1743	18.0	75.41	6.43
1744	18.0	72.59	6.19
1745	18.0	101.29	8.24
1746	17.0	113.96	8.74
1747	18.0	137.45	10.83
1748	20.0	170.59	13.04
1749	15.0	90.45	6.96
1750	15.0	94.63	7.73
1751	13.0	83.22	6.77
1752	10.0	47.80	3.97
1753	9.0	35.04	2.79
1754	11.0	61.07	4.48
1755	13.0	91.06	6.39
1756	12.0	80.76	6.60
1757	10.0	52.90	3.86
1758	11.0	56.83	3.72
1759	10.0	34.38	2.47
1760	10.0	36.59	2.65
1761	11.0	59.76	4.70
1762	8.0	34.17	2.33
1763	9.0	46.20	3.67
1764	10.0	55.81	4.27
1765	10.0	81.11	6.08
1766	7.0	56.93	3.75
1767	5.0	31.01	2.03
1768	6.0	69.87	4.42
1769	2.0	4.93	0.39
1770	2.0	5.84	0.46
1771	10.0	115.80	8.64
1772	14.0	147.79	10.17
1773	15.0	133.18	9.37
1774	15.0	101.46	7.00
1775	16.0	87.56	6.13
1776	16.0	90.65	6.45
1777	16.0	104.80	8.01
1778	14.0	106.66	7.68
1779	14.0	141.78	9.87
1780	10.0	77.95	5.43
1781	9.0	66.14	4.83
1782	8.0	46.78	3.50
1783	8.0	66.95	5.00
1784	7.0	93.86	7.00
1785	0.0	0.00	0.00
1786	0.0	0.00	0.00
1787	10.0	165.43	10.00
1788	20.0	281.62	15.50
1789	24.0	247.80	14.17
1790	27.0	249.47	14.17
1791	34.0	336.33	19.47
1792	33.0	277.13	16.00
1793	36.0	327.75	18.91
1794	37.0	335.26	19.12
1795	34.0	269.77	14.93
1796	32.0	265.62	15.17
1797	29.0	231.91	14.67
1798	29.0	289.51	17.28
1799	26.0	300.09	18.70
1800	16.0	200.11	12.39
1801	5.0	18.41	1.05
1802	5.0	14.92	0.85
1803	5.0	12.59	0.72
1804	5.0	11.50	0.66
1805	6.0	24.77	1.64
1806	9.0	57.80	4.21
1807	10.0	65.06	4.83
1808	9.0	72.98	5.00
1809	5.0	21.79	1.25
1810	5.0	29.05	1.67
1811	5.0	43.58	2.50
1812	5.0	87.15	5.00
1813	5.0	80.67	5.00
1814	5.0	40.34	2.50
1815	5.0	26.89	1.67
1816	5.0	20.17	1.25
1817	7.0	42.17	3.00
1818	7.0	26.46	1.83
1819	7.0	22.08	1.55
1820	7.0	29.72	2.18
1821	7.0	41.74	2.71
1822	6.0	20.80	1.30
1823	6.0	21.24	1.32
1824	7.0	38.96	2.55
1825	6.0	36.76	2.26
1826	10.0	102.45	6.87
1827	14.0	135.43	9.09
1828	18.0	196.92	11.42
1829	23.0	232.66	14.95
1830	24.0	197.52	13.62
1831	31.0	322.62	19.97
1832	31.0	230.49	14.46
1833	31.0	155.16	9.80
1834	30.0	106.55	6.74
1835	33.0	135.02	8.90
1836	34.0	126.59	8.97
1837	35.0	156.47	11.01
1838	32.0	148.97	9.98
1839	44.0	418.52	24.71
1840	47.0	407.69	23.45
1841	43.0	280.14	16.31
1842	42.0	290.04	18.10
1843	42.0	335.72	22.07
1844	40.0	338.10	20.28
1845	38.0	298.68	17.11
1846	38.0	345.37	18.66
1847	32.0	284.91	15.97
1848	28.0	280.92	15.53
1849	23.0	238.84	13.58
1850	19.0	230.22	13.67
1851	12.0	174.15	11.00
1852	3.0	50.62	3.00
1853	0.0	0.00	0.00
1854	0.0	0.00	0.00
1855	1.0	12.71	1.00
1856	1.0	6.35	0.50
1857	3.0	34.36	3.00
1858	4.0	36.13	3.00
1859	6.0	48.15	3.83
1860	7.0	51.85	3.92
1861	12.0	107.68	8.62
1862	16.0	112.66	9.45
1863	17.0	93.64	7.34
1864	15.0	48.89	3.99
1865	15.0	43.62	3.50
1866	15.0	47.99	3.75
1867	14.0	38.69	3.17
1868	17.0	78.49	6.31
1869	16.0	50.60	4.25
1870	16.0	61.28	5.24
1871	17.0	91.95	7.41
1872	14.0	49.50	3.89
1873	14.0	66.12	5.11
1874	14.0	83.99	6.71
1875	13.0	75.62	6.16
1876	14.0	97.71	7.73
1877	13.0	101.91	8.08
1878	9.0	56.33	4.73
1879	11.0	109.24	8.00
1880	10.0	70.21	5.43
1881	10.0	59.11	4.33
1882	10.0	74.14	5.59
1883	6.0	25.04	1.87
1884	5.0	10.16	0.78
1885	5.0	9.73	0.74
1886	5.0	10.40	0.78
1887	5.0	12.39	0.93
1888	5.0	15.38	1.15
1889	5.0	20.51	1.53
1890	7.0	66.19	4.42
1891	9.0	101.34	6.83
1892	8.0	99.25	6.50
1893	5.0	48.04	3.67
1894	4.0	19.19	1.50
1895	4.0	13.74	1.07
1896	6.0	33.52	2.83
1897	10.0	68.61	5.69
1898	10.0	39.33	3.25
1899	11.0	41.49	3.34
1900	10.0	25.53	2.09
1901	16.0	108.36	8.49
1902	16.0	86.95	6.90
1903	14.0	59.27	4.83
1904	15.0	84.08	6.31
1905	14.0	84.12	6.42
1906	10.0	39.92	3.07
1907	10.0	65.18	5.01
1908	12.0	113.43	8.04
1909	16.0	170.79	11.98
1910	18.0	201.38	13.50
1911	20.0	195.01	14.03
1912	22.0	187.47	13.50
1913	30.0	314.04	20.78
1914	28.0	212.22	14.87
1915	30.0	176.25	13.78
1916	31.0	138.89	10.53
1917	31.0	114.61	8.49
1918	36.0	169.87	12.85
1919	36.0	145.93	11.10
1920	43.0	261.05	19.18
1921	45.0	272.32	19.34
1922	45.0	256.37	18.76
1923	46.0	256.31	19.23
1924	44.0	229.55	17.62
1925	41.0	243.16	17.28
1926	39.0	252.11	18.46
1927	36.0	248.09	17.71
1928	32.0	198.16	14.46
1929	29.0	177.28	13.83
1930	26.0	191.62	14.60
1931	18.0	75.68	6.20
1932	20.0	122.85	9.28
1933	22.0	171.69	12.45
1934	23.0	187.05	14.03
1935	28.0	278.07	20.95
1936	26.0	206.17	15.17
1937	28.0	205.95	15.04
1938	29.0	200.11	15.44
1939	34.0	244.67	18.60
1940	37.0	238.54	17.52
1941	38.0	220.54	16.62
1942	39.0	182.31	14.32
1943	42.0	199.11	15.28
1944	41.0	174.84	13.36
1945	40.0	186.41	13.61
1946	40.0	191.80	14.79
1947	45.0	279.67	21.58
1948	41.0	263.78	19.40
1949	39.0	269.79	20.62
1950	34.0	164.64	13.67
1951	35.0	163.04	13.37
1952	35.0	211.03	17.83
1953	29.0	131.73	11.72
1954	32.0	169.05	14.27
1955	33.0	218.32	18.16
1956	30.0	195.34	17.28
1957	27.0	129.63	11.50
1958	30.0	145.11	11.83
1959	29.0	120.76	10.83
1960	27.0	106.88	8.88
1961	26.0	82.00	7.01
1962	26.0	83.60	7.26
1963	26.0	111.32	9.79
1964	27.0	162.97	14.12
1965	25.0	172.17	14.37
1966	20.0	147.48	12.43
1967	12.0	89.69	7.42
1968	6.0	21.85	1.73
1969	6.0	31.53	2.50
1970	7.0	68.58	5.67
1971	4.0	28.97	2.50
1972	6.0	58.22	5.00
1973	5.0	34.17	3.33
1974	4.0	15.07	1.42
1975	4.0	11.06	1.03
1976	4.0	8.77	0.82
1977	7.0	61.87	3.68
1978	8.0	75.26	4.08
1979	8.0	83.20	4.50
1980	6.0	32.46	2.00
1981	7.0	55.90	3.55
1982	4.0	6.97	0.64
1983	4.0	8.38	0.77
1984	5.0	27.17	1.98
1985	6.0	37.42	3.33
1986	8.0	56.87	5.20
1987	9.0	65.71	5.92
1988	8.0	50.54	4.00
1989	9.0	52.41	3.90
1990	8.0	49.71	4.10
1991	6.0	29.53	2.23
1992	6.0	36.89	2.74
1993	4.0	10.20	0.86
1994	7.0	54.03	4.32
1995	8.0	50.19	3.82
1996	11.0	69.77	5.86
1997	11.0	47.79	3.99
1998	11.0	33.38	2.83
1999	12.0	43.93	3.38
2000	13.0	51.75	3.92
2001	18.0	113.02	8.82
2002	18.0	97.24	7.75
2003	18.0	121.43	10.12
2004	18.0	163.56	13.37
2005	15.0	124.93	10.21
2006	12.0	52.80	4.27
2007	13.0	60.14	4.69
2008	12.0	46.01	3.20
2009	12.0	43.86	3.21
2010	12.0	40.66	3.15
2011	12.0	52.63	4.28
2012	10.0	36.45	2.82
2013	10.0	55.07	4.37
2014	10.0	67.61	5.82
2015	7.0	47.07	3.33
2016	8.0	83.53	5.67
2017	7.0	75.66	5.50
2018	6.0	73.62	5.50
2019	3.0	23.08	1.83
2020	3.0	19.71	1.58
2021	2.0	6.31	0.45
2022	2.0	5.16	0.37
2023	2.0	5.35	0.39
2024	3.0	24.38	1.46
2025	2.0	8.02	0.62
2026	3.0	29.67	2.14
2027	3.0	21.01	1.67
2028	2.0	18.75	1.20
2029	2.0	19.43	1.25
2030	1.0	5.57	0.33
2031	4.0	51.93	3.50
2032	7.0	86.35	6.50
2033	5.0	41.84	3.33
2034	5.0	30.38	2.92
2035	6.0	26.73	2.70
2036	6.0	17.42	1.73
2037	6.0	13.26	1.31
2038	6.0	10.78	1.06
2039	7.0	19.24	1.89
2040	8.0	26.59	2.30
2041	8.0	22.97	2.16
2042	8.0	17.96	1.71
2043	8.0	17.51	1.68
2044	9.0	31.58	2.85
2045	12.0	66.23	5.76
2046	14.0	73.87	7.14
2047	14.0	90.19	8.42
2048	10.0	77.41	6.85
2049	7.0	46.94	3.95
2050	9.0	64.90	4.75
2051	9.0	68.66	5.00
2052	7.0	57.52	5.00
2053	4.0	33.63	2.53
2054	3.0	14.48	1.17
2055	4.0	34.18	2.48
2056	3.0	13.20	0.88
2057	4.0	28.61	1.68
2058	5.0	30.82	2.08
2059	5.0	20.57	1.38
2060	5.0	17.01	1.14
2061	5.0	16.06	1.09
2062	7.0	38.41	3.19
2063	10.0	77.79	6.26
2064	9.0	42.76	3.39
2065	9.0	54.46	4.20
2066	7.0	37.20	2.70
2067	8.0	58.83	4.18
2068	10.0	67.05	5.33
2069	10.0	54.25	4.10
2070	11.0	61.89	4.92
2071	10.0	32.63	2.65
2072	10.0	30.69	2.50
2073	10.0	41.25	3.31
2074	9.0	38.54	3.30
2075	10.0	67.20	5.68
2076	15.0	143.67	11.12
2077	18.0	168.11	12.84
2078	21.0	193.01	14.42
2079	23.0	186.94	14.37
2080	21.0	137.41	10.65
2081	20.0	128.05	10.28
2082	18.0	104.58	8.66
2083	17.0	117.97	9.74
2084	16.0	131.25	10.69
2085	18.0	155.63	11.68
2086	19.0	166.53	12.94
2087	17.0	134.52	10.29
2088	19.0	168.85	12.71
2089	13.0	54.75	4.07
2090	13.0	40.86	3.05
2091	13.0	33.86	2.54
2092	13.0	30.98	2.36
2093	13.0	31.07	2.40
2094	14.0	51.56	3.95
2095	14.0	46.05	3.79
2096	14.0	50.42	4.23
2097	12.0	28.83	2.18
2098	13.0	46.14	3.37
2099	12.0	37.09	2.77
2100	12.0	47.81	3.57
2101	13.0	87.68	6.52
2102	13.0	117.32	8.84
2103	13.0	118.80	8.45
2104	14.0	112.98	8.20
2105	17.0	134.62	10.37
2106	17.0	96.71	7.83
2107	20.0	141.46	11.38
2108	20.0	135.11	10.62
2109	20.0	156.27	11.71
2110	15.0	85.65	6.59
2111	14.0	66.83	5.17
2112	14.0	45.53	3.56
2113	14.0	40.18	3.17
2114	16.0	79.96	5.59
2115	15.0	84.90	6.50
2116	10.0	19.00	1.50
2117	11.0	38.05	2.67
2118	14.0	88.03	5.49
2119	14.0	78.89	5.59
2120	13.0	76.90	5.52
2121	12.0	77.92	5.62
2122	9.0	52.26	4.31
2123	8.0	48.94	3.68
2124	8.0	47.33	3.59
2125	12.0	131.42	9.08
2126	14.0	143.78	9.78
2127	17.0	142.04	11.08
2128	17.0	138.78	10.00
2129	18.0	162.73	11.90
2130	14.0	77.90	6.07
2131	13.0	49.05	4.22
2132	15.0	75.73	5.88
2133	15.0	61.10	4.73
2134	15.0	70.40	5.48
2135	15.0	118.33	9.23
2136	11.0	98.20	7.77
2137	9.0	55.34	4.87
2138	9.0	37.66	3.23
2139	10.0	50.83	3.96
2140	10.0	55.65	4.51
2141	12.0	104.12	7.18
2142	11.0	82.28	4.99
2143	14.0	109.07	7.88
2144	15.0	113.37	7.89
2145	13.0	60.12	4.85
2146	12.0	38.08	3.07
2147	12.0	40.68	3.20
2148	12.0	53.17	4.08
2149	13.0	88.07	6.44
2150	13.0	100.43	7.18
2151	11.0	78.78	5.53
2152	9.0	59.44	4.05
2153	7.0	21.91	1.67
2154	7.0	22.20	1.73
2155	8.0	41.73	3.09
2156	7.0	40.50	3.28
2157	11.0	112.98	7.88
2158	15.0	128.71	9.12
2159	21.0	199.42	13.13
2160	22.0	190.99	12.23
2161	21.0	143.19	9.50
2162	28.0	268.17	16.81
2163	28.0	274.43	16.66
2164	26.0	212.77	14.33
2165	27.0	271.46	17.25
2166	21.0	178.87	12.40
2167	19.0	203.11	12.92
2168	13.0	169.51	10.81
2169	3.0	10.76	0.88
2170	4.0	34.04	2.31
2171	5.0	41.34	2.79
2172	5.0	23.66	1.62
2173	7.0	52.52	3.25
2174	10.0	73.83	5.18
2175	10.0	52.41	3.67
2176	10.0	54.55	3.81
2177	11.0	71.65	5.36
2178	10.0	61.77	5.09
2179	8.0	49.96	3.84
2180	8.0	68.94	5.08
2181	5.0	35.14	2.21
2182	5.0	32.65	2.48
2183	5.0	43.64	3.17
2184	3.0	24.17	1.53
2185	3.0	27.30	1.75
2186	3.0	34.19	2.33
2187	2.0	17.11	1.00
2188	2.0	22.64	1.33
2189	2.0	18.83	1.25
2190	3.0	25.07	1.70
2191	3.0	17.61	1.50
2192	2.0	6.10	0.39
2193	2.0	5.07	0.33
2194	3.0	18.46	1.28
2195	6.0	53.85	3.77
2196	6.0	45.73	3.29
2197	8.0	63.20	5.17
2198	8.0	65.49	4.90
2199	6.0	44.35	3.33
2200	5.0	39.02	2.92
2201	4.0	22.75	1.70
2202	4.0	36.77	2.50
2203	3.0	17.38	1.39
2204	3.0	10.44	0.87
2205	3.0	8.56	0.73
2206	3.0	8.45	0.75
2207	4.0	25.18	1.87
2208	3.0	12.41	1.17
2209	5.0	50.86	4.14
2210	4.0	34.87	2.62
2211	4.0	27.63	1.96
2212	5.0	30.45	2.23
2213	4.0	13.10	0.95
2214	8.0	68.46	4.95
2215	10.0	79.45	6.09
2216	11.0	90.50	6.96
2217	12.0	84.26	6.69
2218	13.0	70.71	5.67
2219	11.0	34.87	2.76
2220	12.0	40.49	3.33
2221	11.0	28.56	2.19
2222	11.0	33.75	2.48
2223	14.0	65.23	5.35
2224	15.0	53.21	4.35
2225	16.0	56.94	4.31
2226	18.0	81.67	5.88
2227	20.0	100.88	7.84
2228	18.0	64.89	4.97
2229	19.0	91.08	6.68
2230	17.0	80.11	6.12
2231	17.0	115.28	9.17
2232	17.0	131.68	10.47
2233	15.0	89.27	7.70
2234	16.0	110.67	9.00
2235	17.0	116.39	8.53
2236	18.0	102.63	7.89
2237	20.0	105.51	8.38
2238	22.0	113.26	8.83
2239	23.0	110.35	8.55
2240	23.0	114.98	8.84
2241	19.0	73.58	5.70
2242	23.0	177.09	13.55
2243	18.0	94.91	7.48
2244	19.0	98.99	7.74
2245	19.0	114.09	8.89
2246	19.0	165.81	11.78
2247	15.0	124.05	8.78
2248	12.0	107.66	7.53
2249	9.0	86.80	6.42
2250	7.0	56.51	4.83
2251	4.0	39.07	2.83
2252	2.0	16.80	1.33
2253	1.0	6.27	0.50
2254	1.0	12.54	1.00
2255	1.0	12.85	1.00
2256	2.0	25.69	1.50
2257	1.0	4.28	0.33
2258	3.0	27.76	2.25
2259	10.0	103.85	8.20
2260	12.0	101.11	7.50
2261	10.0	64.34	5.14
2262	12.0	99.39	7.54
2263	10.0	46.99	3.71
2264	10.0	37.38	3.17
2265	9.0	23.61	1.79
2266	9.0	23.18	1.75
2267	11.0	52.60	4.16
2268	10.0	28.29	2.29
2269	10.0	27.20	2.19
2270	10.0	30.20	2.43
2271	11.0	59.65	4.19
2272	10.0	64.94	5.23
2273	7.0	46.79	3.64
2274	7.0	59.35	4.83
2275	9.0	85.44	6.39
2276	8.0	64.22	4.83
2277	6.0	37.29	2.78
2278	6.0	42.07	3.08
2279	6.0	32.76	2.62
2280	6.0	26.05	2.20
2281	7.0	45.12	3.89
2282	5.0	17.20	1.27
2283	5.0	15.74	1.16
2284	6.0	32.19	2.31
2285	7.0	52.42	3.20
2286	7.0	60.66	4.23
2287	5.0	38.19	2.75
2288	5.0	29.02	2.37
2289	5.0	29.31	2.25
2290	5.0	49.79	3.67
2291	3.0	22.57	1.75
2292	4.0	37.79	3.20
2293	2.0	11.49	1.20
2294	2.0	14.23	1.25
2295	1.0	3.23	0.33
2296	1.0	4.84	0.50
2297	3.0	34.87	3.00
2298	1.0	5.75	0.50
2299	1.0	3.83	0.33
2300	1.0	2.87	0.25
2301	1.0	2.30	0.20
2302	4.0	38.32	3.20
2303	6.0	59.86	4.75
2304	5.0	32.88	2.83
2305	6.0	46.04	3.67
2306	8.0	73.08	5.58
2307	9.0	77.69	6.17
2308	16.0	167.48	12.50
2309	16.0	131.97	10.50
2310	16.0	111.99	8.75
2311	13.0	50.18	3.82
2312	14.0	56.01	4.17
2313	17.0	83.96	6.55
2314	22.0	137.08	10.66
2315	23.0	125.53	10.23
2316	21.0	82.44	6.87
2317	22.0	112.68	9.22
2318	20.0	89.46	7.03
2319	20.0	106.77	7.94
2320	17.0	94.34	7.33
2321	22.0	172.10	13.49
2322	27.0	205.85	16.52
2323	25.0	155.77	11.94
2324	26.0	170.86	14.13
2325	28.0	205.68	16.61
2326	26.0	162.85	13.35
2327	23.0	135.22	10.66
2328	21.0	116.96	9.49
2329	22.0	190.52	14.51
2330	16.0	131.35	9.60
2331	14.0	117.08	9.40
2332	7.0	24.03	1.71
2333	7.0	24.20	1.74
2334	8.0	43.97	3.17
2335	8.0	55.08	3.90
2336	7.0	40.07	3.25
2337	8.0	69.20	5.25
2338	6.0	50.08	3.23
2339	6.0	47.89	3.67
2340	5.0	24.94	2.18
2341	5.0	21.10	1.71
2342	5.0	27.11	2.03
2343	6.0	38.27	3.08
2344	7.0	42.39	3.51
2345	6.0	19.80	1.64
2346	6.0	15.78	1.30
2347	6.0	15.01	1.23
2348	7.0	29.84	2.47
2349	8.0	49.34	4.23
2350	6.0	38.25	2.90
2351	6.0	35.55	2.70
2352	5.0	28.37	2.25
2353	8.0	77.09	5.58
2354	13.0	135.02	10.20
2355	17.0	167.75	12.83
2356	15.0	92.79	7.48
2357	19.0	155.31	10.41
2358	20.0	153.04	10.58
2359	18.0	114.00	8.45
2360	17.0	127.25	9.38
2361	12.0	75.92	5.52
2362	12.0	104.36	7.99
2363	8.0	43.67	3.63
2364	8.0	37.43	3.01
2365	8.0	33.09	2.72
2366	8.0	29.57	2.44
2367	8.0	35.95	2.99
2368	8.0	60.72	5.06
2369	5.0	34.04	2.51
2370	6.0	43.60	3.53
2371	7.0	38.10	3.14
2372	6.0	21.82	1.83
2373	6.0	22.64	1.95
2374	6.0	31.99	2.85
2375	6.0	38.82	2.87
2376	6.0	35.27	2.54
2377	7.0	49.00	3.98
2378	6.0	26.05	2.12
2379	8.0	55.05	4.32
2380	6.0	20.51	1.75
2381	7.0	36.18	2.71
2382	9.0	60.23	4.71
2383	9.0	57.11	4.44
2384	8.0	41.10	3.28
2385	8.0	48.17	3.48
2386	7.0	47.66	3.23
2387	5.0	20.25	1.70
2388	5.0	34.79	2.92
2389	4.0	31.70	2.33
2390	3.0	29.69	2.50
2391	3.0	37.66	3.00
2392	1.0	6.39	0.50
2393	3.0	31.59	2.33
2394	7.0	63.71	5.25
2395	6.0	35.05	2.87
2396	12.0	131.32	9.17
2397	16.0	174.65	11.04
2398	18.0	185.84	10.96
2399	18.0	168.13	10.18
2400	18.0	174.68	11.43
2401	14.0	134.37	8.49
2402	9.0	87.94	5.93
2403	4.0	14.40	1.08
2404	4.0	20.34	1.53
2405	4.0	36.36	2.75
2406	4.0	42.56	3.33
2407	4.0	31.65	2.50
2408	4.0	34.50	2.67
2409	2.0	9.74	0.75
2410	3.0	26.48	2.25
2411	5.0	43.86	3.83
2412	10.0	115.36	7.83
2413	11.0	77.90	6.42
2414	9.0	41.27	3.12
2415	9.0	48.47	3.57
2416	13.0	119.51	8.65
2417	15.0	136.12	9.92
2418	15.0	127.49	9.17
2419	13.0	102.01	8.28
2420	12.0	128.37	9.08
2421	9.0	69.96	4.83
2422	9.0	65.81	4.50
2423	9.0	81.77	5.58
2424	6.0	31.67	2.18
2425	7.0	34.09	2.48
2426	7.0	24.52	1.79
2427	7.0	22.18	1.64
2428	8.0	36.51	2.81
2429	8.0	38.86	3.01
2430	11.0	84.64	6.48
2431	10.0	63.18	4.37
2432	10.0	69.84	4.82
2433	8.0	49.42	3.67
2434	7.0	41.57	2.82
2435	7.0	44.08	3.07
2436	8.0	65.96	4.98
2437	8.0	66.02	4.62
2438	7.0	47.10	3.44
2439	7.0	60.98	4.28
2440	4.0	20.90	1.62
2441	4.0	40.32	3.14
2442	3.0	23.54	2.17
2443	4.0	28.11	2.20
2444	5.0	36.25	2.92
2445	5.0	32.01	2.33
2446	4.0	17.10	1.37
2447	4.0	24.69	1.92
2448	3.0	16.03	1.34
2449	2.0	3.44	0.31
2450	3.0	19.56	1.31
2451	3.0	11.53	0.82
2452	3.0	11.80	0.86
2453	3.0	20.84	1.46
2454	4.0	30.65	2.64
2455	5.0	47.82	4.17
2456	3.0	14.85	1.20
2457	3.0	11.40	0.92
2458	4.0	22.74	1.83
2459	5.0	35.58	2.53
2460	4.0	24.96	2.00
2461	3.0	16.61	1.39
2462	3.0	15.00	1.34
2463	3.0	9.54	0.83
2464	3.0	7.90	0.68
2465	6.0	50.19	3.62
2466	6.0	29.18	2.14
2467	6.0	24.00	1.79
2468	7.0	35.42	3.04
2469	7.0	33.71	2.58
2470	7.0	27.72	2.14
2471	9.0	69.61	4.59
2472	7.0	45.34	3.03
2473	7.0	41.23	3.12
2474	7.0	33.49	2.60
2475	8.0	39.13	3.28
2476	8.0	41.48	2.68
2477	8.0	44.30	3.24
2478	7.0	33.17	2.53
2479	9.0	59.65	4.76
2480	8.0	47.12	3.56
2481	8.0	55.43	4.08
2482	7.0	43.15	3.53
2483	6.0	35.46	2.53
2484	6.0	36.54	2.53
2485	7.0	56.74	3.81
2486	5.0	35.59	2.60
2487	3.0	7.55	0.54
2488	4.0	20.35	1.53
2489	4.0	14.12	1.07
2490	6.0	38.68	3.00
2491	11.0	77.11	7.70
2492	13.0	92.97	7.58
2493	13.0	92.24	7.67
2494	9.0	53.50	4.17
2495	9.0	53.62	4.43
2496	9.0	49.49	3.75
2497	8.0	39.56	3.45
2498	13.0	136.38	10.00
2499	13.0	106.44	8.45
2500	15.0	115.99	8.46
2501	15.0	78.60	5.74
2502	20.0	133.85	10.27
2503	20.0	92.62	7.41
2504	20.0	80.28	6.43
2505	22.0	125.35	9.95
2506	21.0	116.72	9.50
2507	18.0	68.52	5.83
2508	18.0	67.35	5.45
2509	18.0	83.63	6.56
2510	16.0	84.29	6.75
2511	14.0	66.92	5.37
2512	15.0	93.27	7.25
2513	15.0	131.70	10.83
2514	11.0	113.34	9.33
2515	4.0	29.30	2.58
2516	2.0	5.53	0.45
2517	3.0	21.66	1.37
2518	4.0	29.07	1.83
2519	4.0	18.84	1.23
2520	4.0	15.91	1.08
2521	4.0	15.74	1.12
2522	4.0	18.45	1.37
2523	4.0	30.22	2.33
2524	4.0	30.64	2.34
2525	7.0	68.12	4.39
2526	8.0	71.37	4.67
2527	7.0	61.60	4.20
2528	4.0	26.91	1.70
2529	5.0	56.02	2.92
2530	5.0	55.35	3.33
2531	3.0	35.63	2.50
2532	3.0	36.25	3.00
2533	6.0	64.00	5.00
2534	5.0	25.57	2.17
2535	6.0	32.11	2.50
2536	5.0	13.62	1.15
2537	5.0	12.54	1.07
2538	7.0	32.53	3.18
2539	8.0	51.61	4.02
2540	7.0	39.52	3.42
2541	6.0	27.53	2.50
2542	6.0	42.40	3.47
2543	5.0	27.45	1.98
2544	4.0	10.02	0.85
2545	4.0	10.45	0.87
2546	4.0	12.75	1.03
2547	6.0	49.83	3.57
2548	9.0	84.37	5.64
2549	11.0	93.99	6.12
2550	12.0	110.46	7.94
2551	9.0	81.90	7.12
2552	5.0	50.33	4.14
2553	2.0	7.49	0.67
2554	2.0	6.02	0.53
2555	5.0	49.53	3.50
2556	5.0	30.97	2.53
2557	8.0	72.16	5.53
2558	8.0	63.45	4.83
2559	7.0	39.66	2.95
2560	6.0	23.06	1.78
2561	6.0	28.99	2.26
2562	5.0	25.42	1.70
2563	6.0	35.74	2.73
2564	11.0	99.47	7.37
2565	15.0	134.14	10.12
2566	21.0	184.51	14.08
2567	23.0	196.22	14.58
2568	23.0	199.97	15.20
2569	24.0	210.18	17.17
2570	19.0	121.59	10.32
2571	19.0	132.50	10.08
2572	18.0	134.27	10.10
2573	14.0	86.36	6.82
2574	12.0	64.93	5.44
2575	10.0	47.74	4.62
2576	7.0	26.04	2.35
2577	7.0	30.91	3.00
2578	5.0	15.82	1.29
2579	5.0	22.53	1.83
2580	6.0	52.57	4.40
2581	6.0	50.15	4.50
2582	6.0	60.88	4.17
2583	5.0	56.00	3.50
2584	5.0	70.03	5.00
2585	1.0	7.80	0.50
2586	2.0	28.51	1.33
2587	1.0	3.90	0.25
2588	5.0	60.54	4.20
2589	6.0	61.02	4.17
2590	6.0	53.97	4.14
2591	5.0	51.91	3.62
2592	2.0	5.95	0.46
2593	2.0	5.23	0.39
2594	2.0	5.00	0.37
2595	4.0	26.46	2.37
2596	5.0	32.92	2.39
2597	6.0	38.17	2.64
2598	6.0	28.59	2.00
2599	8.0	59.88	4.18
2600	6.0	19.58	1.53
2601	8.0	44.03	4.01
2602	7.0	35.99	3.23
2603	5.0	24.00	1.90
2604	5.0	30.15	2.17
2605	4.0	22.08	1.67
2606	5.0	48.40	4.00
2607	5.0	60.01	4.50
2608	4.0	35.92	2.83
2609	3.0	17.73	1.58
2610	3.0	10.48	0.95
2611	4.0	22.90	1.70
2612	3.0	6.09	0.56
2613	8.0	79.97	5.49
2614	10.0	90.81	5.96
2615	9.0	55.64	4.62
2616	7.0	34.43	2.57
2617	11.0	91.48	7.27
2618	11.0	72.07	6.31
2619	10.0	67.33	6.03
2620	11.0	82.38	6.62
2621	12.0	61.49	5.03
2622	12.0	53.76	4.57
2623	14.0	79.31	6.81
2624	14.0	74.57	6.46
2625	13.0	62.26	4.91
2626	15.0	74.95	5.21
2627	15.0	71.16	4.77
2628	13.0	38.37	3.08
2629	15.0	72.90	6.23
2630	15.0	88.86	7.25
2631	13.0	97.61	7.70
2632	10.0	75.30	5.50
2633	10.0	106.95	7.87
2634	3.0	10.14	0.92
2635	3.0	16.94	1.53
2636	4.0	30.53	2.75
2637	3.0	20.59	1.83
2638	2.0	9.50	0.83
2639	2.0	14.18	1.25
2640	1.0	2.32	0.20
2641	3.0	37.06	2.17
2642	2.0	6.80	0.64
2643	2.0	4.88	0.46
2644	2.0	6.59	0.62
2645	2.0	11.95	1.14
2646	2.0	14.69	1.17
2647	1.0	2.32	0.20
2648	1.0	2.90	0.25
2649	1.0	3.86	0.33
2650	1.0	5.79	0.50
2651	3.0	40.25	3.00
2652	3.0	33.65	2.50
2653	5.0	47.79	3.33
2654	5.0	28.62	2.00
2655	8.0	74.89	5.42
2656	7.0	57.05	4.20
2657	7.0	71.07	5.50
2658	5.0	32.77	2.89
2659	5.0	19.37	1.68
2660	5.0	14.70	1.25
2661	5.0	12.48	1.04
2662	7.0	40.23	3.02
2663	8.0	46.05	3.69
2664	8.0	42.67	3.41
2665	8.0	48.73	3.82
2666	6.0	28.54	2.25
2667	6.0	35.17	2.79
2668	5.0	39.97	3.33
2669	5.0	45.98	3.40
2670	6.0	58.45	4.00
2671	9.0	78.32	6.50
2672	10.0	62.08	5.08
2673	10.0	53.16	4.62
2674	8.0	25.72	2.03
2675	8.0	25.67	1.99
2676	10.0	56.81	4.47
2677	9.0	41.71	3.33
2678	9.0	42.11	3.12
2679	9.0	27.16	2.06
2680	9.0	33.94	2.47
2681	8.0	19.97	1.64
2682	8.0	24.98	2.05
2683	8.0	39.06	3.20
2684	7.0	29.75	2.50
2685	8.0	42.86	3.60
2686	8.0	54.41	4.58
2687	6.0	32.51	2.67
2688	6.0	36.90	3.00
2689	7.0	80.40	6.33
2690	2.0	10.23	0.75
2691	2.0	7.21	0.53
2692	4.0	33.42	2.67
2693	6.0	47.68	4.14
2694	5.0	26.38	2.46
2695	4.0	11.31	1.04
2696	4.0	10.05	0.93
2697	4.0	11.04	1.03
2698	5.0	28.34	2.57
2699	7.0	57.02	4.14
2700	9.0	78.50	5.67
2701	9.0	59.71	4.78
2702	9.0	61.55	5.03
2703	11.0	99.76	7.37
2704	16.0	142.39	10.53
2705	21.0	168.48	13.03
2706	21.0	117.22	9.17
2707	20.0	89.72	7.03
2708	18.0	58.40	4.30
2709	18.0	65.79	4.76
2710	18.0	95.22	6.75
2711	21.0	166.86	12.60
2712	19.0	145.33	10.83
2713	17.0	121.80	9.31
2714	14.0	85.74	6.78
2715	14.0	78.46	7.07
2716	14.0	88.87	7.75
2717	13.0	108.56	8.83
2718	9.0	96.19	7.00
2719	5.0	61.16	5.00
2720	0.0	0.00	0.00
2721	0.0	0.00	0.00
2722	0.0	0.00	0.00
2723	0.0	0.00	0.00
2724	0.0	0.00	0.00
2725	0.0	0.00	0.00
2726	1.0	9.77	1.00
2727	3.0	25.80	2.50
2728	4.0	23.22	2.33
2729	6.0	47.00	4.08
2730	5.0	27.13	2.28
2731	6.0	34.39	2.62
2732	7.0	43.49	3.34
2733	6.0	20.25	1.52
2734	6.0	15.29	1.16
2735	6.0	12.81	0.99
2736	6.0	11.78	0.94
2737	6.0	12.86	1.03
2738	6.0	15.58	1.25
2739	7.0	34.48	2.58
2740	8.0	47.89	3.67
2741	8.0	64.72	4.83
2742	9.0	92.01	7.75
2743	7.0	53.22	4.53
2744	6.0	25.36	2.17
2745	6.0	22.16	1.81
2746	6.0	26.53	2.02
2747	5.0	9.55	0.84
2748	5.0	8.16	0.72
2749	7.0	35.28	2.65
2750	8.0	41.02	3.61
2751	9.0	49.08	4.13
2752	9.0	37.66	3.55
2753	9.0	26.22	2.42
2754	11.0	53.54	4.13
2755	11.0	39.23	3.15
2756	11.0	38.71	3.16
2757	13.0	83.97	6.30
2758	12.0	82.00	6.35
2759	9.0	49.74	4.29
2760	9.0	70.49	5.34
2761	6.0	25.15	2.35
2762	6.0	27.24	2.31
2763	7.0	41.79	3.54
2764	5.0	26.30	2.54
2765	3.0	5.75	0.58
2766	4.0	16.81	1.68
2767	4.0	13.80	1.39
2768	7.0	51.07	4.83
2769	7.0	42.89	4.45
2770	6.0	26.26	2.78
2771	5.0	19.14	2.08
2772	4.0	12.07	1.14
2773	4.0	19.44	1.83
2774	3.0	12.46	1.20
2775	3.0	23.40	2.25
2776	2.0	15.52	1.33
2777	2.0	11.16	1.00
2778	4.0	44.82	3.33
2779	5.0	52.41	4.00
2780	6.0	54.15	4.00
2781	7.0	64.98	5.17
2782	5.0	23.15	1.83
2783	7.0	43.49	3.32
2784	7.0	38.49	3.03
2785	5.0	11.27	0.88
2786	5.0	11.94	0.93
2787	5.0	13.55	1.05
2788	5.0	17.19	1.33
2789	7.0	56.68	4.09
2790	6.0	44.32	3.28
2791	7.0	67.49	4.16
2792	5.0	28.84	1.98
2793	4.0	12.97	0.95
2794	5.0	27.54	2.10
2795	7.0	54.99	4.25
2796	8.0	53.53	4.33
2797	9.0	56.90	4.50
2798	10.0	81.72	6.17
2799	8.0	56.32	4.23
2800	5.0	12.37	0.98
2801	7.0	33.83	2.88
2802	8.0	32.86	2.83
2803	7.0	18.64	1.58
2804	7.0	22.08	1.89
2805	7.0	34.07	2.98
2806	8.0	58.75	4.14
2807	8.0	41.15	3.03
2808	8.0	57.26	4.28
2809	8.0	82.49	6.08
2810	6.0	54.20	4.33
2811	6.0	63.41	4.50
2812	4.0	48.00	3.50
2813	2.0	17.70	1.33
2814	3.0	23.47	1.75
2815	3.0	15.64	1.17
2816	4.0	33.48	2.08
2817	4.0	38.43	2.45
2818	2.0	5.57	0.42
2819	2.0	6.38	0.48
2820	3.0	22.88	1.62
2821	4.0	42.57	3.11
2822	3.0	19.32	1.62
2823	2.0	6.26	0.48
2824	3.0	18.79	1.42
2825	3.0	11.92	0.90
2826	3.0	9.93	0.75
2827	3.0	10.36	0.78
2828	4.0	37.10	1.95
2829	3.0	19.80	1.50
2830	2.0	8.46	0.64
2831	2.0	14.78	1.12
2832	2.0	16.25	1.14
2833	4.0	47.21	2.67
2834	3.0	14.24	1.03
2835	3.0	11.45	0.83
2836	3.0	12.62	0.92
2837	4.0	30.09	2.20
2838	3.0	29.92	2.17
2839	2.0	17.30	1.20
2840	1.0	3.40	0.25
2841	1.0	4.53	0.33
2842	3.0	36.88	2.50
2843	4.0	45.57	3.50
2844	4.0	34.44	2.33
2845	3.0	11.96	0.92
2846	3.0	9.17	0.70
2847	4.0	19.05	1.57
2848	3.0	6.26	0.48
2849	3.0	5.40	0.41
2850	4.0	15.95	1.36
2851	5.0	24.09	1.83
2852	4.0	8.42	0.68
2853	4.0	8.12	0.65
2854	6.0	32.03	2.66
2855	6.0	20.99	1.71
2856	8.0	48.80	3.50
2857	9.0	50.73	3.57
2858	9.0	51.87	3.62
2859	9.0	57.72	4.17
2860	7.0	30.37	2.38
2861	7.0	44.86	3.71
2862	5.0	21.29	1.60
2863	7.0	42.34	3.02
2864	7.0	25.38	1.81
2865	7.0	29.85	2.07
2866	9.0	62.80	4.06
2867	12.0	85.21	6.25
2868	12.0	82.61	5.83
2869	9.0	48.09	3.63
2870	8.0	32.52	2.73
2871	8.0	33.29	2.60
2872	8.0	48.01	3.62
2873	6.0	29.99	2.12
2874	6.0	34.82	2.30
2875	5.0	27.64	1.94
2876	4.0	17.44	1.47
2877	3.0	5.84	0.54
2878	4.0	18.44	1.67
2879	3.0	9.58	0.90
2880	3.0	15.49	1.50
2881	4.0	33.05	2.67
2882	3.0	17.86	1.50
2883	5.0	60.84	5.00
2884	2.0	12.56	1.00
2885	2.0	8.37	0.67
2886	2.0	6.28	0.50
2887	2.0	5.02	0.40
2888	2.0	4.19	0.33
2889	2.0	3.59	0.29
2890	3.0	22.06	1.27
2891	4.0	27.90	1.78
2892	4.0	17.81	1.16
2893	5.0	27.63	2.06
2894	8.0	63.85	4.75
2895	8.0	59.21	4.23
2896	9.0	85.72	6.00
2897	9.0	75.45	5.48
2898	11.0	81.54	6.45
2899	11.0	71.80	5.73
2900	8.0	38.64	2.93
2901	8.0	45.68	3.19
2902	7.0	20.95	1.57
2903	8.0	29.59	2.48
2904	7.0	19.76	1.64
2905	7.0	26.70	2.33
2906	7.0	24.75	2.95
2907	7.0	32.09	3.18
2908	7.0	30.97	2.58
2909	7.0	42.99	3.17
2910	6.0	40.30	3.08
2911	5.0	44.37	3.70
2912	3.0	19.35	2.17
2913	2.0	6.26	0.64
2914	2.0	4.38	0.46
2915	2.0	3.50	0.38
2916	4.0	31.26	2.34
2917	4.0	30.32	2.33
2918	2.0	2.88	0.34
2919	2.0	3.04	0.38
2920	2.0	3.61	0.46
2921	2.0	4.95	0.64
2922	3.0	19.59	2.17
2923	2.0	13.07	1.20
2924	2.0	13.89	1.25
2925	2.0	9.14	0.83
2926	2.0	9.03	0.83
2927	2.0	13.37	1.25
2928	2.0	20.87	1.20
2929	1.0	1.88	0.17
2930	4.0	45.95	3.14
2931	6.0	58.18	4.62
2932	6.0	38.96	3.44
2933	9.0	68.83	6.18
2934	12.0	95.39	8.39
2935	10.0	45.56	4.11
2936	12.0	63.19	5.38
2937	15.0	89.63	6.83
2938	15.0	82.37	6.41
2939	15.0	91.16	7.58
2940	14.0	91.63	7.37
2941	13.0	86.48	6.35
2942	13.0	79.50	6.03
2943	15.0	108.36	8.15
2944	15.0	74.58	5.83
2945	17.0	83.60	6.16
2946	17.0	82.37	5.94
2947	15.0	65.48	4.99
2948	14.0	84.43	6.20
2949	14.0	110.95	8.04
2950	12.0	97.76	7.68
2951	9.0	88.16	6.92
2952	8.0	91.20	6.53
2953	5.0	39.30	2.75
2954	5.0	53.94	3.67
2955	2.0	12.03	1.00
2956	2.0	24.07	2.00
2957	2.0	25.87	2.00
2958	3.0	30.88	2.50
2959	2.0	13.46	1.00
2960	2.0	26.93	2.00
2961	1.0	9.97	1.00
2962	1.0	4.99	0.50
2963	1.0	3.32	0.33
2964	1.0	2.49	0.25
2965	1.0	1.99	0.20
2966	1.0	1.66	0.17
2967	1.0	1.42	0.14
2968	1.0	1.66	0.17
2969	1.0	1.99	0.20
2970	2.0	17.36	1.25
2971	1.0	3.32	0.33
2972	2.0	25.25	1.50
2973	1.0	9.97	1.00
2974	0.0	0.00	0.00
2975	0.0	0.00	0.00
2976	2.0	26.57	2.00
2977	2.0	20.07	1.50
2978	7.0	100.43	6.33
2979	10.0	88.24	6.25
2980	10.0	66.47	4.50
2981	11.0	73.20	5.00
2982	14.0	128.73	8.77
2983	13.0	98.83	6.90
2984	13.0	103.07	7.10
2985	11.0	66.59	4.60
2986	11.0	40.95	2.84
2987	11.0	31.80	2.20
2988	12.0	39.89	2.95
2989	12.0	35.28	2.53
2990	12.0	39.05	2.76
2991	12.0	55.97	3.92
2992	13.0	68.50	5.25
2993	13.0	58.85	4.33
2994	14.0	83.26	5.98
2995	14.0	119.95	8.39
2996	14.0	141.87	10.77
2997	9.0	40.51	3.20
2998	9.0	29.52	2.35
2999	9.0	24.48	1.96
3000	9.0	22.91	1.85
3001	12.0	64.71	5.19
3002	12.0	47.09	3.64
3003	14.0	71.67	5.23
3004	13.0	45.27	3.69
3005	13.0	47.93	3.91
3006	13.0	58.55	4.65
3007	13.0	87.57	6.77
3008	12.0	92.87	7.37
3009	11.0	90.46	6.92
3010	11.0	111.16	7.83
3011	8.0	91.87	6.50
3012	5.0	85.08	5.00
3013	0.0	0.00	0.00
3014	3.0	44.90	3.00
3015	6.0	77.19	5.00
3016	8.0	86.89	5.83
3017	9.0	96.80	6.33
3018	11.0	131.83	9.08
3019	7.0	39.09	3.50
3020	7.0	45.38	3.83
3021	7.0	63.56	5.58
3022	4.0	29.18	2.45
3023	4.0	20.95	1.87
3024	6.0	38.47	3.20
3025	6.0	23.34	1.98
3026	6.0	18.29	1.57
3027	6.0	16.79	1.48
3028	6.0	19.86	1.81
3029	6.0	21.36	1.80
3030	6.0	16.30	1.38
3031	7.0	30.56	2.46
3032	7.0	30.21	2.50
3033	8.0	41.94	3.47
3034	9.0	50.68	4.25
3035	9.0	67.41	5.53
3036	6.0	39.26	3.17
3037	5.0	47.57	4.14
3038	3.0	28.72	2.12
3039	3.0	15.01	1.11
3040	6.0	52.21	3.77
3041	6.0	41.72	3.11
3042	5.0	18.60	1.36
3043	5.0	14.44	1.06
3044	7.0	42.59	2.95
3045	9.0	57.01	4.12
3046	9.0	43.38	3.14
3047	9.0	51.00	3.71
3048	7.0	22.53	1.64
3049	7.0	27.26	2.00
3050	8.0	39.59	2.93
3051	10.0	56.52	3.96
3052	13.0	77.86	5.79
3053	13.0	59.17	4.33
3054	13.0	67.18	4.84
3055	12.0	71.78	5.20
3056	10.0	65.70	4.88
3057	8.0	49.97	3.58
3058	8.0	64.37	4.26
3059	7.0	60.85	3.93
3060	6.0	57.52	3.48
3061	5.0	44.92	2.58
3062	3.0	9.45	0.73
3063	3.0	13.05	1.00
3064	3.0	22.22	1.70
3065	6.0	75.45	5.25
3066	4.0	30.84	2.33
3067	4.0	28.71	2.17
3068	5.0	47.92	3.50
3069	3.0	19.98	1.40
3070	4.0	37.44	1.87
3071	3.0	10.52	0.73
3072	3.0	11.39	0.79
3073	3.0	15.78	1.11
3074	4.0	43.13	3.11
3075	3.0	25.94	2.12
3076	4.0	33.12	2.64
3077	4.0	27.59	2.17
3078	3.0	25.63	2.20
3079	1.0	4.25	0.25
3080	1.0	5.67	0.33
3081	2.0	21.88	1.50
3082	6.0	78.31	5.50
3083	5.0	50.83	3.33
3084	5.0	48.62	3.33
3085	5.0	55.81	4.25
3086	2.0	12.05	1.25
3087	2.0	7.80	0.83
3088	3.0	26.33	1.83
3089	2.0	11.82	1.33
3090	1.0	4.96	0.50
3091	1.0	9.93	1.00
3092	0.0	0.00	0.00
3093	2.0	31.94	2.00
3094	2.0	34.98	2.00
3095	0.0	0.00	0.00
3096	2.0	28.21	2.00
3097	3.0	23.24	2.00
3098	11.0	115.77	9.67
3099	18.0	161.04	12.50
3100	20.0	130.46	10.37
3101	21.0	117.66	9.17
3102	21.0	108.78	8.52
3103	24.0	162.43	12.65
3104	28.0	202.40	15.57
3105	29.0	171.48	13.78
3106	32.0	182.17	14.03
3107	33.0	179.18	13.23
3108	32.0	135.54	11.19
3109	36.0	206.50	16.85
3110	34.0	182.97	15.17
3111	29.0	146.28	12.65
3112	21.0	60.15	4.95
3113	21.0	71.35	5.44
3114	22.0	92.38	7.11
3115	23.0	149.31	11.28
3116	20.0	140.63	11.18
3117	17.0	129.92	9.75
3118	15.0	151.68	10.37
3119	9.0	89.01	7.00
3120	3.0	17.54	1.67
3121	2.0	11.00	1.00
3122	2.0	22.00	2.00
3123	1.0	13.76	1.00
3124	0.0	0.00	0.00
3125	1.0	13.38	1.00
3126	1.0	15.61	1.00
3127	0.0	0.00	0.00
3128	0.0	0.00	0.00
3129	3.0	33.78	3.00
3130	4.0	44.68	3.00
3131	5.0	49.97	4.00
3132	3.0	24.16	2.00
3133	3.0	36.24	2.50
3134	2.0	22.23	2.00
3135	0.0	0.00	0.00
3136	0.0	0.00	0.00
3137	0.0	0.00	0.00
3138	0.0	0.00	0.00
3139	0.0	0.00	0.00
3140	1.0	9.80	1.00
3141	1.0	4.90	0.50
3142	1.0	3.27	0.33
3143	2.0	18.80	1.25
3144	1.0	1.96	0.20
3145	5.0	68.16	4.17
3146	9.0	109.49	7.20
3147	12.0	139.03	8.58
3148	12.0	93.82	6.50
3149	13.0	79.71	5.75
3150	14.0	103.13	8.02
3151	11.0	55.63	4.18
3152	15.0	98.54	7.07
3153	16.0	87.27	6.14
3154	15.0	88.22	6.06
3155	16.0	131.97	8.68
3156	11.0	43.11	3.17
3157	11.0	44.10	3.27
3158	13.0	78.18	5.94
3159	13.0	64.46	5.48
3160	13.0	73.18	6.07
3161	10.0	44.49	3.58
3162	10.0	70.95	5.62
3163	7.0	50.90	4.37
3164	5.0	47.54	3.31
3165	2.0	2.92	0.27
3166	2.0	2.57	0.24
3167	2.0	2.30	0.21
3168	4.0	41.53	2.22
3169	4.0	36.73	2.25
3170	2.0	3.13	0.29
3171	2.0	3.65	0.33
3172	3.0	14.67	1.40
3173	5.0	40.58	3.00
3174	7.0	66.64	4.50
3175	7.0	54.63	4.33
3176	9.0	85.05	7.08
3177	6.0	29.27	2.28
3178	11.0	86.82	6.65
3179	11.0	61.65	4.95
3180	13.0	81.02	6.20
3181	15.0	108.89	7.75
3182	17.0	163.57	12.43
3183	14.0	114.40	9.74
3184	12.0	82.11	6.29
3185	10.0	33.86	2.71
3186	11.0	41.81	3.08
3187	14.0	92.26	5.88
3188	12.0	49.95	3.46
3189	14.0	82.26	5.96
3190	14.0	71.83	5.24
3191	13.0	64.51	4.48
3192	12.0	66.52	4.65
3193	12.0	89.61	6.88
3194	9.0	54.56	4.12
3195	10.0	71.00	5.42
3196	9.0	81.83	6.42
3197	3.0	7.42	0.47
3198	3.0	9.20	0.58
3199	3.0	12.46	0.79
3200	5.0	55.70	3.33
3201	5.0	58.12	3.40
3202	6.0	53.34	3.50
3203	6.0	35.84	2.33
3204	7.0	46.33	3.33
3205	7.0	68.55	4.87
3206	4.0	29.79	2.17
3207	3.0	33.60	2.14
3208	1.0	2.68	0.14
3209	1.0	3.12	0.17
3210	1.0	3.75	0.20
3211	1.0	4.68	0.25
3212	1.0	6.25	0.33
3213	2.0	20.98	1.50
3214	2.0	31.27	2.00
3215	1.0	6.27	0.50
3216	1.0	4.18	0.33
3217	3.0	32.01	2.25
3218	3.0	18.61	1.33
3219	4.0	29.19	2.17
3220	5.0	36.28	3.00
3221	4.0	15.15	1.23
3222	4.0	11.43	0.92
3223	4.0	9.26	0.74
3224	5.0	21.27	1.70
3225	5.0	21.65	1.72
3226	4.0	11.10	0.85
3227	4.0	17.93	1.36
3228	4.0	15.28	1.38
3229	5.0	38.67	2.43
3230	6.0	53.15	3.01
3231	7.0	63.75	4.12
3232	6.0	47.76	3.78
3233	4.0	19.08	1.58
3234	4.0	27.74	2.17
3235	3.0	22.41	1.75
3236	2.0	11.76	1.20
3237	3.0	27.15	2.17
3238	3.0	14.14	1.14
3239	5.0	43.25	3.46
3240	3.0	11.16	0.89
3241	3.0	8.54	0.70
3242	3.0	7.74	0.65
3243	3.0	8.84	0.75
3244	3.0	11.79	1.00
3245	4.0	30.69	2.50
3246	6.0	66.81	5.50
3247	4.0	30.70	2.33
3248	4.0	18.51	1.42
3249	4.0	13.47	1.03
3250	5.0	28.42	1.95
3251	5.0	24.21	2.09
3252	6.0	44.25	3.64
3253	6.0	41.19	3.81
3254	6.0	38.93	3.83
3255	4.0	23.16	2.36
3256	3.0	14.41	1.43
3257	2.0	8.05	0.61
3258	5.0	51.01	4.12
3259	6.0	50.25	4.14
3260	7.0	45.65	3.33
3261	9.0	69.67	4.95
3262	9.0	67.63	5.20
3263	7.0	34.52	2.60
3264	8.0	39.61	2.98
3265	7.0	28.97	2.18
3266	6.0	13.95	1.11
3267	6.0	15.50	1.24
3268	6.0	18.59	1.50
3269	6.0	25.62	2.07
3270	6.0	43.49	3.50
3271	6.0	58.63	4.67
3272	3.0	21.63	1.50
3273	3.0	43.25	3.00
3274	1.0	13.66	1.00
3275	5.0	83.18	4.50
3276	7.0	101.47	5.33
3277	7.0	90.89	5.25
3278	5.0	61.08	4.20
3279	2.0	7.77	0.67
3280	2.0	5.62	0.48
3281	2.0	4.46	0.38
3282	3.0	16.61	1.31
3283	3.0	9.80	0.78
3284	4.0	22.83	1.60
3285	7.0	51.82	4.02
3286	7.0	41.96	3.12
3287	9.0	64.35	5.01
3288	8.0	40.59	3.25
3289	7.0	23.62	1.90
3290	8.0	40.71	3.17
3291	9.0	58.26	4.57
3292	9.0	65.44	5.17
3293	7.0	40.43	3.37
3294	6.0	26.93	2.03
3295	6.0	24.68	1.85
3296	5.0	10.13	0.82
3297	5.0	10.53	0.85
3298	6.0	21.94	1.94
3299	6.0	19.52	1.65
3300	8.0	54.23	4.12
3301	8.0	49.17	4.04
3302	8.0	47.11	4.01
3303	11.0	80.08	6.83
3304	10.0	50.12	4.23
3305	13.0	82.83	6.82
3306	18.0	149.80	11.06
3307	20.0	147.15	11.18
3308	18.0	102.38	7.64
3309	17.0	82.54	6.27
3310	16.0	66.50	4.77
3311	16.0	69.15	4.97
3312	17.0	119.72	8.37
3313	14.0	96.57	7.14
3314	11.0	55.16	4.56
3315	11.0	70.54	5.08
3316	9.0	44.69	3.35
3317	8.0	45.98	3.65
3318	7.0	48.16	3.66
3319	6.0	28.95	2.21
3320	7.0	35.81	2.67
3321	8.0	42.93	3.15
3322	7.0	29.26	2.28
3323	9.0	75.54	5.42
3324	9.0	74.36	5.34
3325	9.0	75.10	5.62
3326	9.0	67.20	5.17
3327	9.0	38.79	2.95
3328	10.0	41.99	3.15
3329	10.0	36.98	2.78
3330	9.0	23.88	1.81
3331	9.0	27.67	2.11
3332	11.0	70.26	4.97
3333	11.0	82.05	6.14
3334	11.0	68.72	5.69
3335	10.0	46.22	3.62
3336	9.0	28.48	2.21
3337	12.0	67.62	5.19
3338	12.0	66.94	5.18
3339	12.0	81.79	5.88
3340	9.0	41.38	2.91
3341	9.0	62.60	4.40
3342	7.0	38.71	2.70
3343	8.0	55.26	4.24
3344	8.0	50.15	3.67
3345	8.0	35.03	2.63
3346	8.0	38.22	2.96
3347	7.0	32.84	2.36
3348	7.0	55.13	3.94
3349	6.0	58.11	4.62
3350	3.0	21.53	1.64
3351	2.0	6.34	0.50
3352	2.0	6.00	0.45
3353	2.0	6.30	0.45
3354	4.0	34.34	2.50
3355	3.0	14.59	1.14
3356	4.0	38.30	2.50
3357	2.0	4.52	0.45
3358	2.0	4.58	0.45
3359	3.0	16.73	1.50
3360	3.0	24.71	1.64
3361	2.0	12.07	1.14
3362	1.0	1.58	0.17
3363	1.0	1.90	0.20
3364	1.0	2.38	0.25
3365	4.0	41.86	3.33
3366	4.0	24.10	2.00
3367	5.0	32.83	3.00
3368	4.0	14.88	1.25
3369	4.0	11.21	0.93
3370	5.0	23.24	1.78
3371	5.0	16.51	1.29
3372	5.0	15.60	1.24
3373	7.0	48.39	3.48
3374	12.0	107.07	8.20
3375	15.0	124.99	9.53
3376	16.0	129.58	9.23
3377	14.0	99.31	7.12
3378	13.0	89.41	6.68
3379	12.0	73.28	5.17
3380	10.0	29.29	2.24
3381	10.0	25.45	1.96
3382	10.0	25.72	2.01
3383	10.0	30.23	2.39
3384	11.0	57.80	4.39
3385	10.0	51.85	4.28
3386	9.0	53.31	4.24
3387	7.0	25.67	1.93
3388	7.0	32.20	2.37
3389	11.0	91.84	6.55
3390	14.0	108.68	8.25
3391	14.0	81.97	6.00
3392	14.0	72.81	5.33
3393	14.0	97.92	7.13
3394	10.0	38.26	3.00
3395	10.0	45.10	3.43
3396	10.0	40.96	3.47
3397	14.0	77.95	6.71
3398	17.0	98.58	8.85
3399	22.0	126.73	11.76
3400	22.0	76.72	7.02
3401	22.0	60.20	5.42
3402	22.0	55.45	4.92
3403	22.0	58.16	5.11
3404	22.0	73.33	6.40
3405	23.0	117.77	10.07
3406	28.0	198.27	16.67
3407	26.0	150.09	12.73
3408	27.0	127.83	11.40
3409	32.0	180.63	15.11
3410	31.0	166.62	14.47
3411	34.0	229.01	19.24
3412	35.0	199.43	16.24
3413	35.0	184.90	15.40
3414	33.0	167.53	14.12
3415	30.0	149.99	12.77
3416	31.0	195.98	16.82
3417	27.0	147.02	12.11
3418	27.0	163.14	12.58
3419	28.0	167.64	13.00
3420	28.0	138.71	10.76
3421	31.0	160.27	13.03
3422	34.0	207.10	15.68
3423	33.0	215.69	15.20
3424	31.0	208.61	14.94
3425	26.0	158.20	10.90
3426	23.0	159.29	10.69
3427	20.0	149.72	11.04
3428	18.0	155.86	12.37
3429	15.0	145.47	11.88
3430	12.0	79.14	6.73
3431	12.0	47.59	4.02
3432	12.0	36.19	3.04
3433	12.0	32.24	2.73
3434	12.0	34.14	2.91
3435	12.0	41.79	3.60
3436	12.0	69.87	6.06
3437	13.0	78.67	7.14
3438	12.0	44.08	3.81
3439	12.0	39.23	3.32
3440	12.0	47.86	4.03
3441	11.0	51.12	4.21
3442	10.0	53.07	4.26
3443	8.0	23.35	2.02
3444	8.0	26.21	2.32
3445	8.0	35.48	3.25
3446	9.0	62.77	5.50
3447	10.0	103.88	8.00
3448	7.0	87.59	6.50
3449	4.0	61.19	4.00
3450	1.0	5.74	0.50
3451	2.0	19.14	1.33
3452	3.0	24.92	1.75
3453	3.0	14.60	1.03
3454	5.0	43.23	2.75
3455	6.0	43.39	3.09
3456	5.0	18.21	1.32
3457	6.0	26.16	2.00
3458	6.0	18.42	1.39
3459	6.0	18.88	1.40
3460	6.0	23.35	1.72
3461	6.0	37.77	2.76
3462	4.0	11.95	0.87
3463	4.0	16.02	1.15
3464	5.0	34.96	2.83
3465	4.0	19.59	1.67
3466	4.0	35.20	3.00
3467	3.0	33.06	3.00
3468	3.0	31.13	2.50
3469	3.0	31.41	2.33
3470	3.0	27.23	2.25
3471	3.0	15.54	1.33
3472	3.0	12.92	1.17
3473	4.0	29.10	2.50
3474	3.0	11.80	0.90
3475	3.0	8.70	0.67
3476	3.0	6.97	0.54
3477	3.0	6.60	0.51
3478	3.0	6.87	0.53
3479	3.0	7.59	0.59
3480	4.0	22.44	1.71
3481	4.0	18.73	1.44
3482	4.0	25.26	1.96
3483	3.0	16.96	1.39
3484	2.0	5.62	0.42
3485	2.0	7.19	0.53
3486	2.0	10.11	0.75
3487	2.0	17.94	1.33
3488	4.0	47.13	3.50
3489	4.0	42.17	3.00
3490	4.0	40.28	3.33
3491	2.0	8.88	0.75
3492	3.0	15.33	1.53
3493	6.0	40.86	3.92
3494	6.0	22.75	2.18
3495	7.0	38.99	3.29
3496	8.0	51.81	4.25
3497	9.0	59.64	4.64
3498	8.0	40.79	3.40
3499	9.0	70.88	4.55
3500	9.0	77.57	4.89
3501	6.0	17.90	1.38
3502	6.0	16.08	1.29
3503	6.0	16.50	1.37
3504	6.0	19.94	1.68
3505	6.0	30.14	2.56
3506	6.0	41.65	3.50
3507	5.0	47.17	3.70
3508	3.0	29.07	2.25
3509	5.0	45.35	3.83
3510	4.0	21.62	1.83
3511	4.0	22.62	1.92
3512	5.0	36.95	2.70
3513	4.0	21.26	1.57
3514	3.0	6.10	0.50
3515	3.0	6.09	0.49
3516	4.0	21.66	1.50
3517	4.0	15.02	1.06
3518	4.0	25.27	1.74
3519	3.0	17.96	1.27
3520	2.0	3.32	0.31
3521	4.0	39.86	2.37
3522	4.0	34.46	2.45
3523	3.0	20.11	1.58
3524	4.0	36.64	2.83
3525	2.0	15.89	1.50
3526	5.0	58.33	5.00
3527	3.0	16.27	1.50
3528	5.0	46.39	3.67
3529	6.0	64.90	4.50
3530	8.0	74.76	5.90
3531	13.0	129.45	9.83
3532	14.0	101.80	8.62
3533	17.0	131.45	10.52
3534	16.0	100.76	7.73
3535	15.0	63.48	5.34
3536	16.0	55.36	4.72
3537	17.0	53.74	4.57
3538	16.0	43.93	3.81
3539	17.0	56.78	5.10
3540	19.0	75.09	6.13
3541	19.0	55.57	4.65
3542	20.0	75.73	6.01
3543	20.0	82.75	6.28
3544	19.0	67.89	5.33
3545	22.0	125.98	9.79
3546	23.0	161.94	13.05
3547	20.0	168.68	12.18
3548	15.0	130.10	9.47
3549	9.0	70.87	5.03
3550	6.0	52.12	3.46
3551	4.0	32.66	2.64
3552	5.0	62.08	4.17
3553	4.0	32.09	2.20
3554	4.0	20.25	1.42
3555	4.0	16.20	1.17
3556	6.0	44.12	3.15
3557	6.0	33.51	2.53
3558	8.0	75.94	4.81
3559	9.0	74.89	4.72
3560	10.0	80.80	6.08
3561	9.0	54.92	4.45
3562	9.0	79.71	5.83
3563	6.0	60.32	4.40
3564	2.0	8.00	0.50
3565	3.0	25.99	1.67
3566	7.0	74.46	5.50
3567	8.0	81.33	5.33
3568	8.0	64.85	4.58
3569	8.0	39.85	2.83
3570	11.0	91.83	6.02
3571	11.0	78.11	5.45
3572	15.0	114.73	8.93
3573	17.0	135.57	9.79
3574	20.0	169.78	13.34
3575	20.0	146.50	12.01
3576	20.0	114.97	9.12
3577	22.0	102.77	8.54
3578	24.0	108.41	8.73
3579	24.0	104.39	8.39
3580	23.0	103.53	8.82
3581	19.0	70.80	5.87
3582	16.0	40.00	3.19
3583	17.0	62.24	5.04
3584	17.0	94.81	7.73
3585	18.0	117.96	8.69
3586	22.0	154.10	11.71
3587	19.0	88.89	6.97
3588	20.0	99.20	7.85
3589	19.0	87.41	6.90
3590	19.0	111.82	8.87
3591	18.0	150.35	11.33
3592	16.0	152.92	11.37
3593	16.0	169.61	12.50
3594	10.0	70.80	5.14
3595	13.0	105.71	7.88
3596	14.0	81.73	5.96
3597	14.0	53.08	3.87
3598	14.0	41.27	3.01
3599	14.0	34.84	2.55
3600	14.0	34.07	2.50
3601	14.0	38.37	2.83
3602	14.0	52.32	3.85
3603	15.0	84.36	6.18
3604	16.0	100.93	6.77
3605	17.0	98.82	7.23
3606	17.0	147.72	10.79
3607	16.0	165.77	12.13
3608	14.0	86.12	7.12
3609	14.0	58.91	4.73
3610	14.0	53.78	4.23
3611	14.0	71.92	5.57
3612	14.0	71.97	6.07
3613	16.0	106.57	8.90
3614	15.0	110.43	8.45
3615	15.0	110.15	8.40
3616	17.0	125.36	9.90
3617	17.0	110.76	8.73
3618	17.0	92.24	7.10
3619	17.0	67.54	5.23
3620	17.0	71.81	5.56
3621	15.0	44.56	3.53
3622	15.0	53.85	4.32
3623	16.0	91.42	6.89
3624	18.0	94.93	8.14
3625	18.0	70.92	5.84
3626	18.0	79.71	6.35
3627	23.0	175.86	13.96
3628	21.0	149.71	11.82
3629	18.0	108.80	8.91
3630	19.0	107.78	8.71
3631	20.0	111.99	9.16
3632	18.0	117.50	9.53
3633	15.0	106.33	8.72
3634	11.0	46.05	3.90
3635	11.0	51.15	4.22
3636	11.0	55.23	4.41
3637	11.0	83.11	6.66
3638	6.0	24.33	2.14
3639	5.0	16.29	1.32
3640	5.0	22.84	1.90
3641	5.0	23.11	2.08
3642	5.0	24.23	1.98
3643	6.0	51.45	4.14
3644	4.0	38.03	3.17
3645	3.0	24.72	2.20
3646	3.0	14.29	1.25
3647	5.0	42.11	3.00
3648	5.0	31.26	2.50
3649	9.0	77.91	6.23
3650	9.0	48.46	3.92
3651	10.0	51.74	4.24
3652	14.0	112.12	7.87
3653	14.0	82.85	6.15
3654	16.0	113.53	8.17
3655	16.0	120.31	9.04
3656	13.0	97.06	7.19
3657	10.0	73.91	5.73
3658	6.0	23.80	1.84
3659	6.0	19.07	1.54
3660	7.0	28.88	2.70
3661	8.0	49.00	4.40
3662	7.0	42.13	3.53
3663	6.0	26.94	2.17
3664	9.0	72.94	5.73
3665	8.0	55.75	4.29
3666	10.0	80.02	6.11
3667	11.0	93.42	6.86
3668	8.0	73.02	4.24
3669	5.0	17.73	1.39
3670	5.0	26.50	2.03
3671	4.0	21.71	1.57
3672	8.0	94.22	5.64
3673	8.0	52.92	3.29
3674	12.0	118.28	7.61
3675	11.0	102.68	7.21
3676	11.0	117.11	8.23
3677	8.0	74.76	4.75
3678	7.0	62.45	4.37
3679	7.0	75.53	5.25
3680	6.0	54.98	4.83
3681	2.0	16.94	1.50
3682	2.0	20.09	2.00
3683	2.0	26.31	2.00
3684	2.0	13.16	1.00
3685	2.0	8.77	0.67
3686	3.0	23.00	1.50
3687	4.0	30.06	2.40
3688	5.0	29.35	2.33
3689	7.0	45.89	3.51
3690	6.0	22.73	1.79
3691	6.0	22.70	1.76
3692	6.0	30.14	2.28
3693	7.0	40.64	3.71
3694	6.0	18.01	1.68
3695	6.0	15.30	1.38
3696	6.0	17.97	1.59
3697	7.0	46.08	3.53
3698	5.0	14.19	1.03
3699	7.0	40.66	2.89
3700	7.0	47.39	3.14
3701	5.0	25.35	1.77
3702	6.0	29.30	2.95
3703	6.0	23.21	2.25
3704	6.0	26.48	2.50
3705	6.0	45.06	4.25
3706	4.0	32.59	3.20
3707	1.0	2.14	0.20
3708	1.0	2.68	0.25
3709	2.0	15.99	1.33
3710	2.0	11.57	1.00
3711	2.0	14.86	1.33
3712	1.0	3.10	0.25
3713	1.0	2.48	0.20
3714	1.0	2.48	0.20
3715	1.0	3.10	0.25
3716	1.0	4.14	0.33
3717	1.0	6.21	0.50
3718	1.0	12.42	1.00
3719	5.0	68.92	5.00
3720	6.0	61.23	4.50
3721	6.0	47.52	3.50
3722	9.0	82.43	5.42
3723	9.0	66.28	4.67
3724	8.0	74.58	5.00
3725	7.0	88.20	5.50
3726	3.0	40.50	3.00
3727	1.0	14.74	1.00
3728	2.0	28.40	2.00
3729	3.0	35.81	2.50
3730	2.0	12.53	0.83
3731	2.0	8.75	0.58
3732	2.0	6.74	0.45
3733	2.0	5.49	0.37
3734	3.0	19.60	1.40
3735	5.0	41.72	3.00
3736	5.0	44.13	3.17
3737	3.0	21.83	1.50
3738	3.0	43.65	3.00
3739	0.0	0.00	0.00
3740	1.0	15.11	1.00
3741	0.0	0.00	0.00
3742	0.0	0.00	0.00
3743	0.0	0.00	0.00
3744	0.0	0.00	0.00
3745	0.0	0.00	0.00
3746	1.0	12.14	1.00
3747	2.0	21.54	1.50
3748	1.0	12.14	1.00
3749	0.0	0.00	0.00
3750	0.0	0.00	0.00
3751	0.0	0.00	0.00
3752	0.0	0.00	0.00
3753	0.0	0.00	0.00
3754	2.0	28.80	2.00
3755	5.0	79.04	4.50
3756	5.0	57.29	3.33
3757	5.0	61.24	3.08
3758	3.0	11.13	0.78
3759	3.0	8.78	0.62
3760	3.0	7.27	0.51
3761	3.0	6.21	0.43
3762	3.0	5.62	0.39
3763	3.0	6.16	0.43
3764	3.0	7.19	0.50
3765	3.0	8.63	0.60
3766	3.0	10.79	0.75
3767	3.0	14.38	1.00
3768	3.0	21.57	1.50
3769	3.0	43.15	3.00
3770	1.0	16.29	1.00
3771	0.0	0.00	0.00
3772	0.0	0.00	0.00
3773	2.0	26.44	2.00
3774	2.0	13.22	1.00
3775	3.0	20.46	1.67
3776	4.0	26.62	2.08
3777	7.0	55.34	4.53
3778	8.0	55.90	4.25
3779	7.0	37.53	2.93
3780	7.0	38.95	3.12
3781	6.0	18.54	1.46
3782	6.0	15.47	1.25
3783	6.0	18.40	1.49
3784	7.0	36.94	3.19
3785	7.0	44.29	3.89
3786	6.0	32.11	2.95
3787	5.0	16.46	1.37
3788	5.0	17.91	1.50
3789	5.0	25.22	2.15
3790	4.0	22.44	1.70
3791	3.0	10.19	0.83
3792	3.0	14.00	1.14
3793	3.0	26.06	2.12
3794	2.0	16.78	1.12
3795	4.0	42.41	2.64
3796	4.0	37.81	2.17
3797	6.0	84.75	5.20
3798	4.0	45.98	3.25
3799	2.0	9.48	0.83
3800	2.0	9.67	0.83
3801	3.0	28.46	2.25
3802	3.0	19.00	1.70
3803	3.0	13.65	1.17
3804	5.0	48.59	3.48
3805	3.0	10.26	0.88
3806	5.0	31.51	2.64
3807	6.0	29.74	2.63
3808	6.0	32.80	2.69
3809	6.0	36.39	3.04
3810	7.0	47.54	3.59
3811	6.0	28.39	2.40
3812	6.0	27.86	2.37
3813	7.0	50.05	3.58
3814	6.0	35.40	3.03
3815	7.0	61.17	5.08
3816	5.0	30.93	2.58
3817	4.0	16.76	1.37
3818	5.0	37.20	2.95
3819	4.0	28.06	2.00
3820	4.0	31.35	2.00
3821	4.0	26.91	1.83
3822	4.0	39.64	2.83
3823	2.0	18.15	1.25
3824	1.0	5.95	0.33
3825	1.0	8.92	0.50
3826	1.0	17.84	1.00
3827	0.0	0.00	0.00
3828	3.0	32.18	3.00
3829	3.0	16.09	1.50
3830	6.0	49.62	4.00
3831	5.0	18.86	1.75
3832	6.0	34.82	2.98
3833	6.0	29.74	2.67
3834	9.0	65.93	6.12
3835	7.0	39.85	3.75
3836	9.0	69.68	5.43
3837	10.0	68.43	5.14
3838	13.0	84.66	7.18
3839	14.0	62.72	5.35
3840	14.0	53.26	4.68
3841	16.0	77.26	6.62
3842	19.0	115.19	9.64
3843	19.0	129.47	11.13
3844	22.0	171.36	13.17
3845	22.0	131.22	10.38
3846	27.0	206.59	17.08
3847	29.0	207.33	17.20
3848	26.0	130.12	10.48
3849	31.0	201.27	15.25
3850	33.0	194.95	15.33
3851	33.0	135.72	11.55
3852	31.0	79.41	6.88
3853	31.0	67.12	5.78
3854	31.0	63.84	5.46
3855	33.0	93.26	7.77
3856	33.0	100.63	8.62
3857	39.0	196.34	16.23
3858	43.0	246.89	19.84
3859	44.0	257.60	20.40
3860	45.0	312.30	24.02
3861	41.0	314.97	23.74
3862	36.0	290.29	21.47
3863	30.0	231.30	18.49
3864	21.0	170.76	13.72
3865	13.0	113.05	9.72
3866	6.0	57.38	4.25
3867	2.0	3.32	0.29
3868	6.0	58.06	4.34
3869	8.0	55.70	4.42
3870	8.0	36.08	2.87
3871	8.0	43.11	3.42
3872	8.0	60.38	4.62
3873	6.0	38.67	2.95
3874	9.0	81.56	6.83
3875	11.0	95.71	7.42
3876	15.0	134.88	10.12
3877	17.0	151.21	11.08
3878	15.0	90.84	6.65
3879	17.0	105.33	7.77
3880	17.0	78.36	6.02
3881	19.0	90.64	7.14
3882	19.0	61.41	4.78
3883	20.0	69.65	5.21
3884	20.0	76.36	5.86
3885	25.0	157.69	11.66
3886	24.0	111.77	8.42
3887	24.0	108.81	8.13
3888	22.0	78.39	6.03
3889	22.0	85.08	6.49
3890	22.0	121.89	9.29
3891	22.0	160.21	12.39
3892	20.0	115.40	9.05
3893	20.0	105.72	7.82
3894	20.0	125.44	9.57
3895	18.0	119.31	8.50
3896	19.0	159.72	12.10
3897	14.0	119.54	9.42
3898	10.0	74.63	6.43
3899	12.0	80.72	7.46
3900	13.0	76.26	6.73
3901	13.0	65.11	5.45
3902	13.0	75.05	6.23
3903	11.0	51.86	3.86
3904	10.0	24.30	2.17
3905	10.0	22.04	1.99
3906	10.0	25.28	2.31
3907	10.0	29.52	2.28
3908	11.0	40.79	3.00
3909	11.0	33.85	2.67
3910	11.0	36.46	2.99
3911	11.0	50.43	4.23
3912	9.0	32.18	2.82
3913	9.0	49.05	4.39
3914	10.0	80.08	7.10
3915	7.0	53.14	4.24
3916	6.0	55.25	4.24
3917	2.0	4.24	0.27
3918	2.0	4.90	0.31
3919	5.0	40.61	3.37
3920	4.0	22.72	1.95
3921	3.0	12.97	0.92
3922	3.0	15.95	1.08
3923	5.0	51.55	3.70
3924	4.0	31.59	2.20
3925	3.0	11.41	0.92
3926	3.0	10.20	0.83
3927	3.0	11.33	0.95
3928	4.0	31.09	2.50
3929	2.0	8.38	0.70
3930	4.0	39.06	3.25
3931	3.0	26.15	1.83
3932	4.0	43.45	2.83
3933	3.0	36.92	2.25
3934	2.0	17.27	1.20
3935	1.0	3.26	0.25
3936	1.0	4.35	0.33
3937	1.0	6.52	0.50
3938	1.0	13.04	1.00
3939	1.0	15.87	1.00
3940	0.0	0.00	0.00
3941	0.0	0.00	0.00
3942	0.0	0.00	0.00
3943	4.0	56.22	4.00
3944	4.0	39.82	3.00
3945	4.0	41.80	3.00
3946	2.0	25.85	2.00
3947	0.0	0.00	0.00
3948	0.0	0.00	0.00
3949	0.0	0.00	0.00
3950	0.0	0.00	0.00
3951	1.0	14.63	1.00
3952	1.0	14.63	1.00
3953	0.0	0.00	0.00
3954	1.0	14.45	1.00
3955	2.0	22.73	2.00
3956	1.0	4.78	0.50
3957	1.0	9.55	1.00
3958	1.0	12.23	1.00
3959	1.0	6.12	0.50
3960	2.0	17.14	1.33
3961	5.0	58.31	3.75
3962	5.0	47.85	3.03
3963	4.0	35.40	2.42
3964	2.0	4.36	0.34
3965	2.0	3.93	0.31
3966	4.0	33.33	2.37
3967	5.0	34.97	2.45
3968	5.0	34.62	2.42
3969	5.0	32.83	2.42
3970	5.0	32.54	2.45
3971	4.0	22.08	1.70
3972	3.0	11.84	0.84
3973	3.0	19.30	1.38
3974	2.0	6.46	0.44
3975	2.0	8.80	0.60
3976	2.0	16.41	1.11
3977	1.0	1.68	0.12
3978	1.0	1.91	0.14
3979	1.0	2.23	0.17
3980	2.0	16.52	1.20
3981	2.0	15.51	1.25
3982	1.0	4.47	0.33
3983	1.0	6.70	0.50
3984	1.0	13.40	1.00
3985	0.0	0.00	0.00
3986	0.0	0.00	0.00
3987	2.0	23.74	2.00
3988	2.0	11.87	1.00
3989	3.0	18.70	1.67
3990	4.0	24.23	2.00
3991	4.0	16.50	1.37
3992	4.0	15.21	1.25
3993	5.0	33.50	2.59
3994	7.0	59.41	3.99
3995	8.0	63.95	4.29
3996	7.0	54.20	3.07
3997	5.0	13.19	1.03
3998	5.0	14.59	1.15
3999	5.0	20.77	1.64
4000	4.0	9.38	0.77
4001	5.0	27.93	1.95
4002	5.0	24.30	2.25
4003	4.0	22.30	1.83
4004	5.0	55.20	4.50
4005	3.0	31.06	2.50
4006	3.0	22.92	1.83
4007	4.0	26.57	2.08
4008	3.0	9.69	0.78
4009	4.0	27.49	1.87
4010	4.0	25.14	1.81
4011	4.0	24.48	1.62
4012	3.0	7.64	0.54
4013	3.0	7.44	0.54
4014	4.0	22.96	1.58
4015	4.0	20.92	1.68
4016	3.0	11.22	0.88
4017	3.0	18.34	1.44
4018	2.0	7.25	0.61
4019	3.0	33.87	2.12
4020	2.0	14.25	1.14
4021	3.0	29.18	1.67
4022	2.0	7.28	0.53
4023	2.0	7.11	0.50
4024	2.0	9.49	0.67
4025	2.0	14.23	1.00
4026	2.0	28.46	2.00
4027	0.0	0.00	0.00
4028	0.0	0.00	0.00
4029	1.0	12.43	1.00
4030	1.0	6.22	0.50
4031	1.0	4.14	0.33
4032	1.0	3.11	0.25
4033	3.0	32.75	2.20
4034	4.0	32.30	2.17
4035	5.0	50.18	3.14
4036	5.0	72.78	4.12
4037	1.0	1.38	0.11
4038	2.0	17.15	1.11
4039	1.0	1.55	0.12
4040	1.0	1.78	0.14
4041	1.0	2.07	0.17
4042	4.0	39.87	3.20
4043	4.0	21.80	1.75
4044	5.0	28.22	2.33
4045	5.0	24.61	2.00
4046	6.0	49.48	3.87
4047	6.0	44.27	3.45
4048	6.0	35.17	2.78
4049	8.0	65.79	5.20
4050	7.0	37.46	3.00
4051	7.0	51.96	4.20
4052	5.0	27.34	2.25
4053	5.0	28.46	2.37
4054	5.0	34.45	2.67
4055	4.0	38.04	3.14
4056	2.0	16.62	1.12
4057	2.0	9.00	0.61
4058	2.0	8.84	0.60
4059	2.0	16.42	1.11
4060	1.0	1.78	0.12
4061	2.0	20.40	1.14
4062	6.0	69.65	5.17
4063	6.0	46.51	3.70
4064	7.0	62.49	4.58
4065	7.0	69.50	5.33
4066	5.0	62.78	4.50
4067	1.0	14.27	1.00
4068	0.0	0.00	0.00
4069	1.0	16.77	1.00
4070	0.0	0.00	0.00
4071	0.0	0.00	0.00
4072	0.0	0.00	0.00
4073	0.0	0.00	0.00
4074	0.0	0.00	0.00
4075	2.0	20.69	2.00
4076	3.0	25.47	2.00
4077	4.0	29.49	2.17
4078	4.0	18.52	1.42
4079	5.0	36.43	2.70
4080	6.0	60.89	4.67
4081	5.0	52.53	4.14
4082	3.0	13.60	1.12
4083	5.0	32.09	2.78
4084	5.0	21.86	1.85
4085	5.0	26.38	2.14
4086	5.0	29.92	2.54
4087	6.0	39.16	2.99
4088	7.0	51.99	3.29
4089	7.0	43.13	2.79
4090	8.0	45.04	4.06
4091	8.0	43.18	4.01
4092	7.0	31.75	2.60
4093	8.0	41.70	3.41
4094	10.0	64.91	4.68
4095	10.0	56.35	3.98
4096	9.0	35.41	2.88
4097	9.0	32.00	2.62
4098	9.0	36.99	3.03
4099	9.0	55.08	4.56
4100	7.0	58.22	4.49
4101	4.0	19.30	1.51
4102	4.0	13.67	1.10
4103	6.0	32.81	3.11
4104	7.0	38.15	3.38
4105	8.0	47.83	4.51
4106	5.0	13.25	1.17
4107	6.0	26.35	1.99
4108	5.0	12.49	1.08
4109	6.0	25.76	2.37
4110	5.0	22.55	1.95
4111	5.0	41.38	3.58
4112	3.0	27.95	1.83
4113	5.0	66.79	4.50
4114	7.0	82.85	6.50
4115	5.0	30.40	2.33
4116	7.0	49.93	3.58
4117	6.0	27.87	2.20
4118	5.0	12.68	0.97
4119	5.0	11.11	0.84
4120	6.0	25.39	1.86
4121	6.0	20.09	1.48
4122	8.0	51.58	3.56
4123	9.0	72.35	5.17
4124	11.0	108.22	7.84
4125	10.0	70.76	5.12
4126	11.0	69.41	5.18
4127	10.0	49.11	3.58
4128	9.0	30.60	2.38
4129	10.0	51.43	3.87
4130	9.0	58.82	4.59
4131	7.0	42.29	3.12
4132	7.0	59.08	4.25
4133	6.0	30.86	2.65
4134	7.0	25.63	2.25
4135	7.0	31.02	2.48
4136	7.0	36.64	3.08
4137	8.0	47.63	3.84
4138	8.0	46.53	3.87
4139	5.0	9.31	0.76
4140	5.0	12.39	1.01
4141	5.0	20.65	1.67
4142	4.0	14.03	1.17
4143	3.0	2.16	0.17
